mesure,indicateur,id_indicateur,code_departement,libelle_departement,date,valeur,unite
Lutter contre la récidive par une meilleure insertion professionnelle des personnes placées sous main de justice,Taux de personnes détenues ayant bénéficié d'une formation dans l'année,tx-detenus-formation,21,Côte-d'Or,2021-06-30,4.0,% de détenus
Lutter contre la récidive par une meilleure insertion professionnelle des personnes placées sous main de justice,Taux de personnes détenues ayant bénéficié d'une formation dans l'année,tx-detenus-formation,21,Côte-d'Or,2021-09-30,4.0,% de détenus
Lutter contre la récidive par une meilleure insertion professionnelle des personnes placées sous main de justice,Taux de personnes détenues ayant bénéficié d'une formation dans l'année,tx-detenus-formation,21,Côte-d'Or,2021-12-31,7.0,% de détenus
Lutter contre la récidive par une meilleure insertion professionnelle des personnes placées sous main de justice,Taux de personnes détenues ayant bénéficié d'une formation dans l'année,tx-detenus-formation,21,Côte-d'Or,2022-03-31,6.0,% de détenus
Lutter contre la récidive par une meilleure insertion professionnelle des personnes placées sous main de justice,Taux de personnes détenues ayant bénéficié d'une formation dans l'année,tx-detenus-formation,21,Côte-d'Or,2022-06-30,7.0,% de détenus
Lutter contre la récidive par une meilleure insertion professionnelle des personnes placées sous main de justice,Taux de personnes détenues ayant bénéficié d'une formation dans l'année,tx-detenus-formation,21,Côte-d'Or,2022-09-30,7.0,% de détenus
Lutter contre la récidive par une meilleure insertion professionnelle des personnes placées sous main de justice,Postes de travail d’intérêt général proposés sur l’ensemble du territoire national en tant que peine,nb-postes-tig,21,Côte-d'Or,2021-03-31,215.0,postes
Lutter contre la récidive par une meilleure insertion professionnelle des personnes placées sous main de justice,Postes de travail d’intérêt général proposés sur l’ensemble du territoire national en tant que peine,nb-postes-tig,21,Côte-d'Or,2021-09-30,301.0,postes
Lutter contre la récidive par une meilleure insertion professionnelle des personnes placées sous main de justice,Postes de travail d’intérêt général proposés sur l’ensemble du territoire national en tant que peine,nb-postes-tig,21,Côte-d'Or,2021-11-30,305.0,postes
Lutter contre la récidive par une meilleure insertion professionnelle des personnes placées sous main de justice,Postes de travail d’intérêt général proposés sur l’ensemble du territoire national en tant que peine,nb-postes-tig,21,Côte-d'Or,2022-01-31,302.0,postes
Lutter contre la récidive par une meilleure insertion professionnelle des personnes placées sous main de justice,Postes de travail d’intérêt général proposés sur l’ensemble du territoire national en tant que peine,nb-postes-tig,21,Côte-d'Or,2022-03-31,311.0,postes
Lutter contre la récidive par une meilleure insertion professionnelle des personnes placées sous main de justice,Postes de travail d’intérêt général proposés sur l’ensemble du territoire national en tant que peine,nb-postes-tig,21,Côte-d'Or,2022-06-30,336.0,postes
Lutter contre la récidive par une meilleure insertion professionnelle des personnes placées sous main de justice,Postes de travail d’intérêt général proposés sur l’ensemble du territoire national en tant que peine,nb-postes-tig,21,Côte-d'Or,2022-09-30,360.0,postes
Lutter contre la récidive par une meilleure insertion professionnelle des personnes placées sous main de justice,Postes de travail d’intérêt général proposés sur l’ensemble du territoire national en tant que peine,nb-postes-tig,21,Côte-d'Or,2022-11-30,363.0,postes
Lutter contre la récidive par une meilleure insertion professionnelle des personnes placées sous main de justice,Postes de travail d’intérêt général proposés sur l’ensemble du territoire national en tant que peine,nb-postes-tig,21,Côte-d'Or,2022-12-31,364.0,postes
Apprendre à nager et à circuler à vélo en toute sécurité,Nombre d'enfants ayant suivi un cycle d’Aisance Aquatique,nb-cycle-aisance-aquatique,21,Côte-d'Or,2020-12-31,0.0,enfants
Apprendre à nager et à circuler à vélo en toute sécurité,Nombre d'enfants ayant suivi un cycle d’Aisance Aquatique,nb-cycle-aisance-aquatique,21,Côte-d'Or,2021-10-31,0.0,enfants
Apprendre à nager et à circuler à vélo en toute sécurité,Nombre d'enfants ayant suivi un cycle d’Aisance Aquatique,nb-cycle-aisance-aquatique,21,Côte-d'Or,2021-12-31,0.0,enfants
Apprendre à nager et à circuler à vélo en toute sécurité,Nombre d'enfants ayant suivi un cycle d’Aisance Aquatique,nb-cycle-aisance-aquatique,21,Côte-d'Or,2022-12-31,106.0,enfants
Apprendre à nager et à circuler à vélo en toute sécurité,Nombre d’attestations « savoir rouler à vélo » délivrées,nb-attestations-savoir-rouler-velo,21,Côte-d'Or,2019-03-31,0.0,attestations
Apprendre à nager et à circuler à vélo en toute sécurité,Nombre d’attestations « savoir rouler à vélo » délivrées,nb-attestations-savoir-rouler-velo,21,Côte-d'Or,2019-04-30,5.0,attestations
Apprendre à nager et à circuler à vélo en toute sécurité,Nombre d’attestations « savoir rouler à vélo » délivrées,nb-attestations-savoir-rouler-velo,21,Côte-d'Or,2020-11-30,5.0,attestations
Apprendre à nager et à circuler à vélo en toute sécurité,Nombre d’attestations « savoir rouler à vélo » délivrées,nb-attestations-savoir-rouler-velo,21,Côte-d'Or,2020-12-31,5.0,attestations
Apprendre à nager et à circuler à vélo en toute sécurité,Nombre d’attestations « savoir rouler à vélo » délivrées,nb-attestations-savoir-rouler-velo,21,Côte-d'Or,2021-01-31,5.0,attestations
Apprendre à nager et à circuler à vélo en toute sécurité,Nombre d’attestations « savoir rouler à vélo » délivrées,nb-attestations-savoir-rouler-velo,21,Côte-d'Or,2021-02-28,5.0,attestations
Apprendre à nager et à circuler à vélo en toute sécurité,Nombre d’attestations « savoir rouler à vélo » délivrées,nb-attestations-savoir-rouler-velo,21,Côte-d'Or,2021-03-31,16.0,attestations
Apprendre à nager et à circuler à vélo en toute sécurité,Nombre d’attestations « savoir rouler à vélo » délivrées,nb-attestations-savoir-rouler-velo,21,Côte-d'Or,2021-06-30,103.0,attestations
Apprendre à nager et à circuler à vélo en toute sécurité,Nombre d’attestations « savoir rouler à vélo » délivrées,nb-attestations-savoir-rouler-velo,21,Côte-d'Or,2021-09-30,167.0,attestations
Apprendre à nager et à circuler à vélo en toute sécurité,Nombre d’attestations « savoir rouler à vélo » délivrées,nb-attestations-savoir-rouler-velo,21,Côte-d'Or,2021-12-31,206.0,attestations
Apprendre à nager et à circuler à vélo en toute sécurité,Nombre d’attestations « savoir rouler à vélo » délivrées,nb-attestations-savoir-rouler-velo,21,Côte-d'Or,2022-03-31,225.0,attestations
Apprendre à nager et à circuler à vélo en toute sécurité,Nombre d’attestations « savoir rouler à vélo » délivrées,nb-attestations-savoir-rouler-velo,21,Côte-d'Or,2022-06-30,479.0,attestations
Apprendre à nager et à circuler à vélo en toute sécurité,Nombre d’attestations « savoir rouler à vélo » délivrées,nb-attestations-savoir-rouler-velo,21,Côte-d'Or,2022-09-30,760.0,attestations
Apprendre à nager et à circuler à vélo en toute sécurité,Nombre d’attestations « savoir rouler à vélo » délivrées,nb-attestations-savoir-rouler-velo,21,Côte-d'Or,2022-12-31,772.0,attestations
"Dédoubler les classes en éducation prioritaire (grande section, CP, CE1) ",Part des classes de grande section en éducation prioritaire dédoublées,tx-gs-rep,21,Côte-d'Or,2019-11-30,0.0,% des classes
"Dédoubler les classes en éducation prioritaire (grande section, CP, CE1) ",Part des classes de grande section en éducation prioritaire dédoublées,tx-gs-rep,21,Côte-d'Or,2020-11-30,54.0,% des classes
"Dédoubler les classes en éducation prioritaire (grande section, CP, CE1) ",Part des classes de grande section en éducation prioritaire dédoublées,tx-gs-rep,21,Côte-d'Or,2021-10-31,62.0,% des classes
"Dédoubler les classes en éducation prioritaire (grande section, CP, CE1) ",Part des classes de grande section en éducation prioritaire dédoublées,tx-gs-rep,21,Côte-d'Or,2022-09-30,81.0,% des classes
"Dédoubler les classes en éducation prioritaire (grande section, CP, CE1) ",Part des classes de CP et CE1 en éducation prioritaire dédoublées,tx-classes-cp-ce1-rep,21,Côte-d'Or,2019-10-31,99.0,% des classes
"Dédoubler les classes en éducation prioritaire (grande section, CP, CE1) ",Part des classes de CP et CE1 en éducation prioritaire dédoublées,tx-classes-cp-ce1-rep,21,Côte-d'Or,2020-10-31,100.0,% des classes
"Dédoubler les classes en éducation prioritaire (grande section, CP, CE1) ",Part des classes de CP et CE1 en éducation prioritaire dédoublées,tx-classes-cp-ce1-rep,21,Côte-d'Or,2021-10-31,100.0,% des classes
"Dédoubler les classes en éducation prioritaire (grande section, CP, CE1) ",Part des classes de CP et CE1 en éducation prioritaire dédoublées,tx-classes-cp-ce1-rep,21,Côte-d'Or,2022-09-30,100.0,% des classes
Déployer le pass Culture,Nombre d’utilisateurs du pass Culture de 18 ans,nb-utilisateurs-pass-culture,21,Côte-d'Or,2019-02-28,0.0,utilisateurs
Déployer le pass Culture,Nombre d’utilisateurs du pass Culture de 18 ans,nb-utilisateurs-pass-culture,21,Côte-d'Or,2019-03-31,0.0,utilisateurs
Déployer le pass Culture,Nombre d’utilisateurs du pass Culture de 18 ans,nb-utilisateurs-pass-culture,21,Côte-d'Or,2019-04-30,0.0,utilisateurs
Déployer le pass Culture,Nombre d’utilisateurs du pass Culture de 18 ans,nb-utilisateurs-pass-culture,21,Côte-d'Or,2019-05-31,0.0,utilisateurs
Déployer le pass Culture,Nombre d’utilisateurs du pass Culture de 18 ans,nb-utilisateurs-pass-culture,21,Côte-d'Or,2019-06-30,0.0,utilisateurs
Déployer le pass Culture,Nombre d’utilisateurs du pass Culture de 18 ans,nb-utilisateurs-pass-culture,21,Côte-d'Or,2019-07-31,0.0,utilisateurs
Déployer le pass Culture,Nombre d’utilisateurs du pass Culture de 18 ans,nb-utilisateurs-pass-culture,21,Côte-d'Or,2019-08-31,0.0,utilisateurs
Déployer le pass Culture,Nombre d’utilisateurs du pass Culture de 18 ans,nb-utilisateurs-pass-culture,21,Côte-d'Or,2019-09-30,0.0,utilisateurs
Déployer le pass Culture,Nombre d’utilisateurs du pass Culture de 18 ans,nb-utilisateurs-pass-culture,21,Côte-d'Or,2019-10-31,0.0,utilisateurs
Déployer le pass Culture,Nombre d’utilisateurs du pass Culture de 18 ans,nb-utilisateurs-pass-culture,21,Côte-d'Or,2019-11-30,1.0,utilisateurs
Déployer le pass Culture,Nombre d’utilisateurs du pass Culture de 18 ans,nb-utilisateurs-pass-culture,21,Côte-d'Or,2019-12-31,2.0,utilisateurs
Déployer le pass Culture,Nombre d’utilisateurs du pass Culture de 18 ans,nb-utilisateurs-pass-culture,21,Côte-d'Or,2020-01-31,3.0,utilisateurs
Déployer le pass Culture,Nombre d’utilisateurs du pass Culture de 18 ans,nb-utilisateurs-pass-culture,21,Côte-d'Or,2020-02-29,4.0,utilisateurs
Déployer le pass Culture,Nombre d’utilisateurs du pass Culture de 18 ans,nb-utilisateurs-pass-culture,21,Côte-d'Or,2020-03-31,4.0,utilisateurs
Déployer le pass Culture,Nombre d’utilisateurs du pass Culture de 18 ans,nb-utilisateurs-pass-culture,21,Côte-d'Or,2020-04-30,4.0,utilisateurs
Déployer le pass Culture,Nombre d’utilisateurs du pass Culture de 18 ans,nb-utilisateurs-pass-culture,21,Côte-d'Or,2020-05-31,4.0,utilisateurs
Déployer le pass Culture,Nombre d’utilisateurs du pass Culture de 18 ans,nb-utilisateurs-pass-culture,21,Côte-d'Or,2020-06-30,7.0,utilisateurs
Déployer le pass Culture,Nombre d’utilisateurs du pass Culture de 18 ans,nb-utilisateurs-pass-culture,21,Côte-d'Or,2020-07-31,7.0,utilisateurs
Déployer le pass Culture,Nombre d’utilisateurs du pass Culture de 18 ans,nb-utilisateurs-pass-culture,21,Côte-d'Or,2020-08-31,8.0,utilisateurs
Déployer le pass Culture,Nombre d’utilisateurs du pass Culture de 18 ans,nb-utilisateurs-pass-culture,21,Côte-d'Or,2020-09-30,8.0,utilisateurs
Déployer le pass Culture,Nombre d’utilisateurs du pass Culture de 18 ans,nb-utilisateurs-pass-culture,21,Côte-d'Or,2020-10-31,8.0,utilisateurs
Déployer le pass Culture,Nombre d’utilisateurs du pass Culture de 18 ans,nb-utilisateurs-pass-culture,21,Côte-d'Or,2020-11-30,8.0,utilisateurs
Déployer le pass Culture,Nombre d’utilisateurs du pass Culture de 18 ans,nb-utilisateurs-pass-culture,21,Côte-d'Or,2020-12-31,8.0,utilisateurs
Déployer le pass Culture,Nombre d’utilisateurs du pass Culture de 18 ans,nb-utilisateurs-pass-culture,21,Côte-d'Or,2021-01-31,8.0,utilisateurs
Déployer le pass Culture,Nombre d’utilisateurs du pass Culture de 18 ans,nb-utilisateurs-pass-culture,21,Côte-d'Or,2021-02-28,8.0,utilisateurs
Déployer le pass Culture,Nombre d’utilisateurs du pass Culture de 18 ans,nb-utilisateurs-pass-culture,21,Côte-d'Or,2021-03-31,8.0,utilisateurs
Déployer le pass Culture,Nombre d’utilisateurs du pass Culture de 18 ans,nb-utilisateurs-pass-culture,21,Côte-d'Or,2021-04-30,8.0,utilisateurs
Déployer le pass Culture,Nombre d’utilisateurs du pass Culture de 18 ans,nb-utilisateurs-pass-culture,21,Côte-d'Or,2021-05-31,3481.0,utilisateurs
Déployer le pass Culture,Nombre d’utilisateurs du pass Culture de 18 ans,nb-utilisateurs-pass-culture,21,Côte-d'Or,2021-06-30,4473.0,utilisateurs
Déployer le pass Culture,Nombre d’utilisateurs du pass Culture de 18 ans,nb-utilisateurs-pass-culture,21,Côte-d'Or,2021-07-31,4914.0,utilisateurs
Déployer le pass Culture,Nombre d’utilisateurs du pass Culture de 18 ans,nb-utilisateurs-pass-culture,21,Côte-d'Or,2021-08-31,5300.0,utilisateurs
Déployer le pass Culture,Nombre d’utilisateurs du pass Culture de 18 ans,nb-utilisateurs-pass-culture,21,Côte-d'Or,2021-09-30,5705.0,utilisateurs
Déployer le pass Culture,Nombre d’utilisateurs du pass Culture de 18 ans,nb-utilisateurs-pass-culture,21,Côte-d'Or,2021-10-31,5957.0,utilisateurs
Déployer le pass Culture,Nombre d’utilisateurs du pass Culture de 18 ans,nb-utilisateurs-pass-culture,21,Côte-d'Or,2021-11-30,6383.0,utilisateurs
Déployer le pass Culture,Nombre d’utilisateurs du pass Culture de 18 ans,nb-utilisateurs-pass-culture,21,Côte-d'Or,2021-12-31,6818.0,utilisateurs
Déployer le pass Culture,Nombre d’utilisateurs du pass Culture de 18 ans,nb-utilisateurs-pass-culture,21,Côte-d'Or,2022-01-31,7282.0,utilisateurs
Déployer le pass Culture,Nombre d’utilisateurs du pass Culture de 18 ans,nb-utilisateurs-pass-culture,21,Côte-d'Or,2022-02-28,7714.0,utilisateurs
Déployer le pass Culture,Nombre d’utilisateurs du pass Culture de 18 ans,nb-utilisateurs-pass-culture,21,Côte-d'Or,2022-03-31,8286.0,utilisateurs
Déployer le pass Culture,Nombre d’utilisateurs du pass Culture de 18 ans,nb-utilisateurs-pass-culture,21,Côte-d'Or,2022-04-30,8701.0,utilisateurs
Déployer le pass Culture,Nombre d’utilisateurs du pass Culture de 18 ans,nb-utilisateurs-pass-culture,21,Côte-d'Or,2022-05-31,9150.0,utilisateurs
Déployer le pass Culture,Nombre d’utilisateurs du pass Culture de 18 ans,nb-utilisateurs-pass-culture,21,Côte-d'Or,2022-06-30,9535.0,utilisateurs
Déployer le pass Culture,Nombre d’utilisateurs du pass Culture de 18 ans,nb-utilisateurs-pass-culture,21,Côte-d'Or,2022-07-31,9977.0,utilisateurs
Déployer le pass Culture,Nombre d’utilisateurs du pass Culture de 18 ans,nb-utilisateurs-pass-culture,21,Côte-d'Or,2022-08-31,10515.0,utilisateurs
Déployer le pass Culture,Nombre d’utilisateurs du pass Culture de 18 ans,nb-utilisateurs-pass-culture,21,Côte-d'Or,2022-09-30,11129.0,utilisateurs
Déployer le pass Culture,Nombre d’utilisateurs du pass Culture de 18 ans,nb-utilisateurs-pass-culture,21,Côte-d'Or,2022-10-31,11690.0,utilisateurs
Déployer le pass Culture,Nombre d’utilisateurs du pass Culture de 18 ans,nb-utilisateurs-pass-culture,21,Côte-d'Or,2022-11-30,12239.0,utilisateurs
Déployer le pass Culture,Nombre d’utilisateurs du pass Culture de 18 ans,nb-utilisateurs-pass-culture,21,Côte-d'Or,2022-12-31,12787.0,utilisateurs
Déployer le plan vélo,Kilomètres d'aménagements cyclables sécurisés,km-amenagement-cyclables-securises,21,Côte-d'Or,2017-12-31,576.0,kilomètres
Déployer le plan vélo,Kilomètres d'aménagements cyclables sécurisés,km-amenagement-cyclables-securises,21,Côte-d'Or,2018-12-31,560.0,kilomètres
Déployer le plan vélo,Kilomètres d'aménagements cyclables sécurisés,km-amenagement-cyclables-securises,21,Côte-d'Or,2019-12-31,566.0,kilomètres
Déployer le plan vélo,Kilomètres d'aménagements cyclables sécurisés,km-amenagement-cyclables-securises,21,Côte-d'Or,2020-09-30,504.0,kilomètres
Déployer le plan vélo,Kilomètres d'aménagements cyclables sécurisés,km-amenagement-cyclables-securises,21,Côte-d'Or,2020-12-31,507.0,kilomètres
Déployer le plan vélo,Kilomètres d'aménagements cyclables sécurisés,km-amenagement-cyclables-securises,21,Côte-d'Or,2021-03-31,520.0,kilomètres
Déployer le plan vélo,Kilomètres d'aménagements cyclables sécurisés,km-amenagement-cyclables-securises,21,Côte-d'Or,2021-06-30,628.0,kilomètres
Déployer le plan vélo,Kilomètres d'aménagements cyclables sécurisés,km-amenagement-cyclables-securises,21,Côte-d'Or,2021-09-30,607.0,kilomètres
Déployer le plan vélo,Kilomètres d'aménagements cyclables sécurisés,km-amenagement-cyclables-securises,21,Côte-d'Or,2021-12-31,595.0,kilomètres
Déployer le plan vélo,Kilomètres d'aménagements cyclables sécurisés,km-amenagement-cyclables-securises,21,Côte-d'Or,2022-03-31,601.0,kilomètres
Déployer le plan vélo,Kilomètres d'aménagements cyclables sécurisés,km-amenagement-cyclables-securises,21,Côte-d'Or,2022-06-30,573.0,kilomètres
Déployer le plan vélo,Kilomètres d'aménagements cyclables sécurisés,km-amenagement-cyclables-securises,21,Côte-d'Or,2022-09-30,578.0,kilomètres
Déployer le plan vélo,Kilomètres d'aménagements cyclables sécurisés,km-amenagement-cyclables-securises,21,Côte-d'Or,2022-12-31,579.0,kilomètres
Supprimer la taxe d’habitation sur les résidences principales,Nombre de bénéficiaires totalement exonérés,nb-beneficiaires-suppression-taxe-habitation,21,Côte-d'Or,2018-12-31,34823.0,bénéficiaires
Supprimer la taxe d’habitation sur les résidences principales,Nombre de bénéficiaires totalement exonérés,nb-beneficiaires-suppression-taxe-habitation,21,Côte-d'Or,2019-12-31,35639.0,bénéficiaires
Supprimer la taxe d’habitation sur les résidences principales,Nombre de bénéficiaires totalement exonérés,nb-beneficiaires-suppression-taxe-habitation,21,Côte-d'Or,2020-12-31,189666.0,bénéficiaires
Supprimer la taxe d’habitation sur les résidences principales,Nombre de bénéficiaires totalement exonérés,nb-beneficiaires-suppression-taxe-habitation,21,Côte-d'Or,2021-12-31,189494.0,bénéficiaires
Supprimer la taxe d’habitation sur les résidences principales,Nombre de bénéficiaires totalement exonérés,nb-beneficiaires-suppression-taxe-habitation,21,Côte-d'Or,2022-12-31,189494.0,bénéficiaires
MaPrimeRénov',Nombre de dossiers MaPrimeRénov' validés,nb-maprimerenov-valides,21,Côte-d'Or,2020-04-30,3.0,dossiers validés
MaPrimeRénov',Nombre de dossiers MaPrimeRénov' validés,nb-maprimerenov-valides,21,Côte-d'Or,2020-05-31,28.0,dossiers validés
MaPrimeRénov',Nombre de dossiers MaPrimeRénov' validés,nb-maprimerenov-valides,21,Côte-d'Or,2020-06-30,84.0,dossiers validés
MaPrimeRénov',Nombre de dossiers MaPrimeRénov' validés,nb-maprimerenov-valides,21,Côte-d'Or,2020-07-31,220.0,dossiers validés
MaPrimeRénov',Nombre de dossiers MaPrimeRénov' validés,nb-maprimerenov-valides,21,Côte-d'Or,2020-08-31,441.0,dossiers validés
MaPrimeRénov',Nombre de dossiers MaPrimeRénov' validés,nb-maprimerenov-valides,21,Côte-d'Or,2020-09-30,553.0,dossiers validés
MaPrimeRénov',Nombre de dossiers MaPrimeRénov' validés,nb-maprimerenov-valides,21,Côte-d'Or,2020-10-31,675.0,dossiers validés
MaPrimeRénov',Nombre de dossiers MaPrimeRénov' validés,nb-maprimerenov-valides,21,Côte-d'Or,2020-11-30,840.0,dossiers validés
MaPrimeRénov',Nombre de dossiers MaPrimeRénov' validés,nb-maprimerenov-valides,21,Côte-d'Or,2020-12-31,1097.0,dossiers validés
MaPrimeRénov',Nombre de dossiers MaPrimeRénov' validés,nb-maprimerenov-valides,21,Côte-d'Or,2021-01-31,1341.0,dossiers validés
MaPrimeRénov',Nombre de dossiers MaPrimeRénov' validés,nb-maprimerenov-valides,21,Côte-d'Or,2021-02-28,1689.0,dossiers validés
MaPrimeRénov',Nombre de dossiers MaPrimeRénov' validés,nb-maprimerenov-valides,21,Côte-d'Or,2021-03-31,2091.0,dossiers validés
MaPrimeRénov',Nombre de dossiers MaPrimeRénov' validés,nb-maprimerenov-valides,21,Côte-d'Or,2021-04-30,2561.0,dossiers validés
MaPrimeRénov',Nombre de dossiers MaPrimeRénov' validés,nb-maprimerenov-valides,21,Côte-d'Or,2021-05-31,3037.0,dossiers validés
MaPrimeRénov',Nombre de dossiers MaPrimeRénov' validés,nb-maprimerenov-valides,21,Côte-d'Or,2021-06-30,3751.0,dossiers validés
MaPrimeRénov',Nombre de dossiers MaPrimeRénov' validés,nb-maprimerenov-valides,21,Côte-d'Or,2021-07-31,4396.0,dossiers validés
MaPrimeRénov',Nombre de dossiers MaPrimeRénov' validés,nb-maprimerenov-valides,21,Côte-d'Or,2021-08-31,4865.0,dossiers validés
MaPrimeRénov',Nombre de dossiers MaPrimeRénov' validés,nb-maprimerenov-valides,21,Côte-d'Or,2021-09-30,5411.0,dossiers validés
MaPrimeRénov',Nombre de dossiers MaPrimeRénov' validés,nb-maprimerenov-valides,21,Côte-d'Or,2021-10-31,5994.0,dossiers validés
MaPrimeRénov',Nombre de dossiers MaPrimeRénov' validés,nb-maprimerenov-valides,21,Côte-d'Or,2021-11-30,6549.0,dossiers validés
MaPrimeRénov',Nombre de dossiers MaPrimeRénov' validés,nb-maprimerenov-valides,21,Côte-d'Or,2021-12-31,7233.0,dossiers validés
MaPrimeRénov',Nombre de dossiers MaPrimeRénov' validés,nb-maprimerenov-valides,21,Côte-d'Or,2022-01-31,7662.0,dossiers validés
MaPrimeRénov',Nombre de dossiers MaPrimeRénov' validés,nb-maprimerenov-valides,21,Côte-d'Or,2022-02-28,8152.0,dossiers validés
MaPrimeRénov',Nombre de dossiers MaPrimeRénov' validés,nb-maprimerenov-valides,21,Côte-d'Or,2022-03-31,8692.0,dossiers validés
MaPrimeRénov',Nombre de dossiers MaPrimeRénov' validés,nb-maprimerenov-valides,21,Côte-d'Or,2022-04-30,9216.0,dossiers validés
MaPrimeRénov',Nombre de dossiers MaPrimeRénov' validés,nb-maprimerenov-valides,21,Côte-d'Or,2022-05-31,9781.0,dossiers validés
MaPrimeRénov',Nombre de dossiers MaPrimeRénov' validés,nb-maprimerenov-valides,21,Côte-d'Or,2022-06-30,10320.0,dossiers validés
MaPrimeRénov',Nombre de dossiers MaPrimeRénov' validés,nb-maprimerenov-valides,21,Côte-d'Or,2022-07-31,10781.0,dossiers validés
MaPrimeRénov',Nombre de dossiers MaPrimeRénov' validés,nb-maprimerenov-valides,21,Côte-d'Or,2022-08-31,10822.0,dossiers validés
MaPrimeRénov',Nombre de dossiers MaPrimeRénov' validés,nb-maprimerenov-valides,21,Côte-d'Or,2022-09-30,10880.0,dossiers validés
MaPrimeRénov',Nombre de dossiers MaPrimeRénov' validés,nb-maprimerenov-valides,21,Côte-d'Or,2022-10-31,10933.0,dossiers validés
Simplifier l’accès aux droits des personnes handicapées,Durée moyenne de traitement pour les demandes d’allocation adulte handicapé,duree-moyenne-traitement-demandes-allocation-adulte-handicape,21,Côte-d'Or,2017-12-31,4.2,mois de traitement
Simplifier l’accès aux droits des personnes handicapées,Durée moyenne de traitement pour les demandes d’allocation adulte handicapé,duree-moyenne-traitement-demandes-allocation-adulte-handicape,21,Côte-d'Or,2018-12-31,3.9,mois de traitement
Simplifier l’accès aux droits des personnes handicapées,Durée moyenne de traitement pour les demandes d’allocation adulte handicapé,duree-moyenne-traitement-demandes-allocation-adulte-handicape,21,Côte-d'Or,2019-12-31,0.0,mois de traitement
Simplifier l’accès aux droits des personnes handicapées,Durée moyenne de traitement pour les demandes d’allocation adulte handicapé,duree-moyenne-traitement-demandes-allocation-adulte-handicape,21,Côte-d'Or,2020-12-31,0.0,mois de traitement
Simplifier l’accès aux droits des personnes handicapées,Durée moyenne de traitement pour les demandes d’allocation adulte handicapé,duree-moyenne-traitement-demandes-allocation-adulte-handicape,21,Côte-d'Or,2021-06-30,3.69,mois de traitement
Simplifier l’accès aux droits des personnes handicapées,Durée moyenne de traitement pour les demandes d’allocation adulte handicapé,duree-moyenne-traitement-demandes-allocation-adulte-handicape,21,Côte-d'Or,2021-09-30,4.0,mois de traitement
Simplifier l’accès aux droits des personnes handicapées,Durée moyenne de traitement pour les demandes d’allocation adulte handicapé,duree-moyenne-traitement-demandes-allocation-adulte-handicape,21,Côte-d'Or,2021-12-31,4.5,mois de traitement
Simplifier l’accès aux droits des personnes handicapées,Durée moyenne de traitement pour les demandes d’allocation adulte handicapé,duree-moyenne-traitement-demandes-allocation-adulte-handicape,21,Côte-d'Or,2022-03-31,4.18,mois de traitement
Simplifier l’accès aux droits des personnes handicapées,Durée moyenne de traitement pour les demandes d’allocation adulte handicapé,duree-moyenne-traitement-demandes-allocation-adulte-handicape,21,Côte-d'Or,2022-06-30,3.66,mois de traitement
Simplifier l’accès aux droits des personnes handicapées,Durée moyenne de traitement pour les demandes d’allocation adulte handicapé,duree-moyenne-traitement-demandes-allocation-adulte-handicape,21,Côte-d'Or,2022-09-30,3.94,mois de traitement
Pacte d'ambition pour l'insertion par l'activité économique,Nombre de bénéficiaires en structures d'insertion par l'activité économique,nb-beneficiaires-siae,21,Côte-d'Or,2017-01-31,1201.0,bénéficiaires *
Pacte d'ambition pour l'insertion par l'activité économique,Nombre de bénéficiaires en structures d'insertion par l'activité économique,nb-beneficiaires-siae,21,Côte-d'Or,2017-02-28,1212.0,bénéficiaires *
Pacte d'ambition pour l'insertion par l'activité économique,Nombre de bénéficiaires en structures d'insertion par l'activité économique,nb-beneficiaires-siae,21,Côte-d'Or,2017-03-31,1314.0,bénéficiaires *
Pacte d'ambition pour l'insertion par l'activité économique,Nombre de bénéficiaires en structures d'insertion par l'activité économique,nb-beneficiaires-siae,21,Côte-d'Or,2017-04-30,1365.0,bénéficiaires *
Pacte d'ambition pour l'insertion par l'activité économique,Nombre de bénéficiaires en structures d'insertion par l'activité économique,nb-beneficiaires-siae,21,Côte-d'Or,2017-05-31,1379.0,bénéficiaires *
Pacte d'ambition pour l'insertion par l'activité économique,Nombre de bénéficiaires en structures d'insertion par l'activité économique,nb-beneficiaires-siae,21,Côte-d'Or,2017-06-30,1404.0,bénéficiaires *
Pacte d'ambition pour l'insertion par l'activité économique,Nombre de bénéficiaires en structures d'insertion par l'activité économique,nb-beneficiaires-siae,21,Côte-d'Or,2017-07-31,1394.0,bénéficiaires *
Pacte d'ambition pour l'insertion par l'activité économique,Nombre de bénéficiaires en structures d'insertion par l'activité économique,nb-beneficiaires-siae,21,Côte-d'Or,2017-08-31,1297.0,bénéficiaires *
Pacte d'ambition pour l'insertion par l'activité économique,Nombre de bénéficiaires en structures d'insertion par l'activité économique,nb-beneficiaires-siae,21,Côte-d'Or,2017-09-30,1370.0,bénéficiaires *
Pacte d'ambition pour l'insertion par l'activité économique,Nombre de bénéficiaires en structures d'insertion par l'activité économique,nb-beneficiaires-siae,21,Côte-d'Or,2017-10-31,1419.0,bénéficiaires *
Pacte d'ambition pour l'insertion par l'activité économique,Nombre de bénéficiaires en structures d'insertion par l'activité économique,nb-beneficiaires-siae,21,Côte-d'Or,2017-11-30,1435.0,bénéficiaires *
Pacte d'ambition pour l'insertion par l'activité économique,Nombre de bénéficiaires en structures d'insertion par l'activité économique,nb-beneficiaires-siae,21,Côte-d'Or,2017-12-31,1394.0,bénéficiaires *
Pacte d'ambition pour l'insertion par l'activité économique,Nombre de bénéficiaires en structures d'insertion par l'activité économique,nb-beneficiaires-siae,21,Côte-d'Or,2018-01-31,1405.0,bénéficiaires *
Pacte d'ambition pour l'insertion par l'activité économique,Nombre de bénéficiaires en structures d'insertion par l'activité économique,nb-beneficiaires-siae,21,Côte-d'Or,2018-02-28,1386.0,bénéficiaires *
Pacte d'ambition pour l'insertion par l'activité économique,Nombre de bénéficiaires en structures d'insertion par l'activité économique,nb-beneficiaires-siae,21,Côte-d'Or,2018-03-31,1389.0,bénéficiaires *
Pacte d'ambition pour l'insertion par l'activité économique,Nombre de bénéficiaires en structures d'insertion par l'activité économique,nb-beneficiaires-siae,21,Côte-d'Or,2018-04-30,1440.0,bénéficiaires *
Pacte d'ambition pour l'insertion par l'activité économique,Nombre de bénéficiaires en structures d'insertion par l'activité économique,nb-beneficiaires-siae,21,Côte-d'Or,2018-05-31,1427.0,bénéficiaires *
Pacte d'ambition pour l'insertion par l'activité économique,Nombre de bénéficiaires en structures d'insertion par l'activité économique,nb-beneficiaires-siae,21,Côte-d'Or,2018-06-30,1471.0,bénéficiaires *
Pacte d'ambition pour l'insertion par l'activité économique,Nombre de bénéficiaires en structures d'insertion par l'activité économique,nb-beneficiaires-siae,21,Côte-d'Or,2018-07-31,1480.0,bénéficiaires *
Pacte d'ambition pour l'insertion par l'activité économique,Nombre de bénéficiaires en structures d'insertion par l'activité économique,nb-beneficiaires-siae,21,Côte-d'Or,2018-08-31,1365.0,bénéficiaires *
Pacte d'ambition pour l'insertion par l'activité économique,Nombre de bénéficiaires en structures d'insertion par l'activité économique,nb-beneficiaires-siae,21,Côte-d'Or,2018-09-30,1395.0,bénéficiaires *
Pacte d'ambition pour l'insertion par l'activité économique,Nombre de bénéficiaires en structures d'insertion par l'activité économique,nb-beneficiaires-siae,21,Côte-d'Or,2018-10-31,1421.0,bénéficiaires *
Pacte d'ambition pour l'insertion par l'activité économique,Nombre de bénéficiaires en structures d'insertion par l'activité économique,nb-beneficiaires-siae,21,Côte-d'Or,2018-11-30,1377.0,bénéficiaires *
Pacte d'ambition pour l'insertion par l'activité économique,Nombre de bénéficiaires en structures d'insertion par l'activité économique,nb-beneficiaires-siae,21,Côte-d'Or,2018-12-31,1314.0,bénéficiaires *
Pacte d'ambition pour l'insertion par l'activité économique,Nombre de bénéficiaires en structures d'insertion par l'activité économique,nb-beneficiaires-siae,21,Côte-d'Or,2019-01-31,1286.0,bénéficiaires *
Pacte d'ambition pour l'insertion par l'activité économique,Nombre de bénéficiaires en structures d'insertion par l'activité économique,nb-beneficiaires-siae,21,Côte-d'Or,2019-02-28,1308.0,bénéficiaires *
Pacte d'ambition pour l'insertion par l'activité économique,Nombre de bénéficiaires en structures d'insertion par l'activité économique,nb-beneficiaires-siae,21,Côte-d'Or,2019-03-31,1401.0,bénéficiaires *
Pacte d'ambition pour l'insertion par l'activité économique,Nombre de bénéficiaires en structures d'insertion par l'activité économique,nb-beneficiaires-siae,21,Côte-d'Or,2019-04-30,1430.0,bénéficiaires *
Pacte d'ambition pour l'insertion par l'activité économique,Nombre de bénéficiaires en structures d'insertion par l'activité économique,nb-beneficiaires-siae,21,Côte-d'Or,2019-05-31,1458.0,bénéficiaires *
Pacte d'ambition pour l'insertion par l'activité économique,Nombre de bénéficiaires en structures d'insertion par l'activité économique,nb-beneficiaires-siae,21,Côte-d'Or,2019-06-30,1497.0,bénéficiaires *
Pacte d'ambition pour l'insertion par l'activité économique,Nombre de bénéficiaires en structures d'insertion par l'activité économique,nb-beneficiaires-siae,21,Côte-d'Or,2019-07-31,1489.0,bénéficiaires *
Pacte d'ambition pour l'insertion par l'activité économique,Nombre de bénéficiaires en structures d'insertion par l'activité économique,nb-beneficiaires-siae,21,Côte-d'Or,2019-08-31,1399.0,bénéficiaires *
Pacte d'ambition pour l'insertion par l'activité économique,Nombre de bénéficiaires en structures d'insertion par l'activité économique,nb-beneficiaires-siae,21,Côte-d'Or,2019-09-30,1436.0,bénéficiaires *
Pacte d'ambition pour l'insertion par l'activité économique,Nombre de bénéficiaires en structures d'insertion par l'activité économique,nb-beneficiaires-siae,21,Côte-d'Or,2019-10-31,1442.0,bénéficiaires *
Pacte d'ambition pour l'insertion par l'activité économique,Nombre de bénéficiaires en structures d'insertion par l'activité économique,nb-beneficiaires-siae,21,Côte-d'Or,2019-11-30,1427.0,bénéficiaires *
Pacte d'ambition pour l'insertion par l'activité économique,Nombre de bénéficiaires en structures d'insertion par l'activité économique,nb-beneficiaires-siae,21,Côte-d'Or,2019-12-31,1382.0,bénéficiaires *
Pacte d'ambition pour l'insertion par l'activité économique,Nombre de bénéficiaires en structures d'insertion par l'activité économique,nb-beneficiaires-siae,21,Côte-d'Or,2020-01-31,1240.0,bénéficiaires *
Pacte d'ambition pour l'insertion par l'activité économique,Nombre de bénéficiaires en structures d'insertion par l'activité économique,nb-beneficiaires-siae,21,Côte-d'Or,2020-02-29,1239.0,bénéficiaires *
Pacte d'ambition pour l'insertion par l'activité économique,Nombre de bénéficiaires en structures d'insertion par l'activité économique,nb-beneficiaires-siae,21,Côte-d'Or,2020-03-31,1202.0,bénéficiaires *
Pacte d'ambition pour l'insertion par l'activité économique,Nombre de bénéficiaires en structures d'insertion par l'activité économique,nb-beneficiaires-siae,21,Côte-d'Or,2020-04-30,865.0,bénéficiaires *
Pacte d'ambition pour l'insertion par l'activité économique,Nombre de bénéficiaires en structures d'insertion par l'activité économique,nb-beneficiaires-siae,21,Côte-d'Or,2020-05-31,1131.0,bénéficiaires *
Pacte d'ambition pour l'insertion par l'activité économique,Nombre de bénéficiaires en structures d'insertion par l'activité économique,nb-beneficiaires-siae,21,Côte-d'Or,2020-06-30,1315.0,bénéficiaires *
Pacte d'ambition pour l'insertion par l'activité économique,Nombre de bénéficiaires en structures d'insertion par l'activité économique,nb-beneficiaires-siae,21,Côte-d'Or,2020-07-31,1323.0,bénéficiaires *
Pacte d'ambition pour l'insertion par l'activité économique,Nombre de bénéficiaires en structures d'insertion par l'activité économique,nb-beneficiaires-siae,21,Côte-d'Or,2020-08-31,1265.0,bénéficiaires *
Pacte d'ambition pour l'insertion par l'activité économique,Nombre de bénéficiaires en structures d'insertion par l'activité économique,nb-beneficiaires-siae,21,Côte-d'Or,2020-09-30,1356.0,bénéficiaires *
Pacte d'ambition pour l'insertion par l'activité économique,Nombre de bénéficiaires en structures d'insertion par l'activité économique,nb-beneficiaires-siae,21,Côte-d'Or,2020-10-31,1332.0,bénéficiaires *
Pacte d'ambition pour l'insertion par l'activité économique,Nombre de bénéficiaires en structures d'insertion par l'activité économique,nb-beneficiaires-siae,21,Côte-d'Or,2020-11-30,1287.0,bénéficiaires *
Pacte d'ambition pour l'insertion par l'activité économique,Nombre de bénéficiaires en structures d'insertion par l'activité économique,nb-beneficiaires-siae,21,Côte-d'Or,2020-12-31,1257.0,bénéficiaires *
Pacte d'ambition pour l'insertion par l'activité économique,Nombre de bénéficiaires en structures d'insertion par l'activité économique,nb-beneficiaires-siae,21,Côte-d'Or,2021-01-31,1219.0,bénéficiaires *
Pacte d'ambition pour l'insertion par l'activité économique,Nombre de bénéficiaires en structures d'insertion par l'activité économique,nb-beneficiaires-siae,21,Côte-d'Or,2021-02-28,1262.0,bénéficiaires *
Pacte d'ambition pour l'insertion par l'activité économique,Nombre de bénéficiaires en structures d'insertion par l'activité économique,nb-beneficiaires-siae,21,Côte-d'Or,2021-03-31,1333.0,bénéficiaires *
Pacte d'ambition pour l'insertion par l'activité économique,Nombre de bénéficiaires en structures d'insertion par l'activité économique,nb-beneficiaires-siae,21,Côte-d'Or,2021-04-30,1398.0,bénéficiaires *
Pacte d'ambition pour l'insertion par l'activité économique,Nombre de bénéficiaires en structures d'insertion par l'activité économique,nb-beneficiaires-siae,21,Côte-d'Or,2021-05-31,1435.0,bénéficiaires *
Pacte d'ambition pour l'insertion par l'activité économique,Nombre de bénéficiaires en structures d'insertion par l'activité économique,nb-beneficiaires-siae,21,Côte-d'Or,2021-06-30,1524.0,bénéficiaires *
Pacte d'ambition pour l'insertion par l'activité économique,Nombre de bénéficiaires en structures d'insertion par l'activité économique,nb-beneficiaires-siae,21,Côte-d'Or,2021-07-31,1491.0,bénéficiaires *
Pacte d'ambition pour l'insertion par l'activité économique,Nombre de bénéficiaires en structures d'insertion par l'activité économique,nb-beneficiaires-siae,21,Côte-d'Or,2021-08-31,1408.0,bénéficiaires *
Pacte d'ambition pour l'insertion par l'activité économique,Nombre de bénéficiaires en structures d'insertion par l'activité économique,nb-beneficiaires-siae,21,Côte-d'Or,2021-09-30,1414.0,bénéficiaires *
Pacte d'ambition pour l'insertion par l'activité économique,Nombre de bénéficiaires en structures d'insertion par l'activité économique,nb-beneficiaires-siae,21,Côte-d'Or,2021-10-31,1431.0,bénéficiaires *
Pacte d'ambition pour l'insertion par l'activité économique,Nombre de bénéficiaires en structures d'insertion par l'activité économique,nb-beneficiaires-siae,21,Côte-d'Or,2021-11-30,1365.0,bénéficiaires *
Pacte d'ambition pour l'insertion par l'activité économique,Nombre de bénéficiaires en structures d'insertion par l'activité économique,nb-beneficiaires-siae,21,Côte-d'Or,2021-12-31,1313.0,bénéficiaires *
Pacte d'ambition pour l'insertion par l'activité économique,Nombre de bénéficiaires en structures d'insertion par l'activité économique,nb-beneficiaires-siae,21,Côte-d'Or,2022-01-31,1297.0,bénéficiaires *
Pacte d'ambition pour l'insertion par l'activité économique,Nombre de bénéficiaires en structures d'insertion par l'activité économique,nb-beneficiaires-siae,21,Côte-d'Or,2022-02-28,1326.0,bénéficiaires *
Pacte d'ambition pour l'insertion par l'activité économique,Nombre de bénéficiaires en structures d'insertion par l'activité économique,nb-beneficiaires-siae,21,Côte-d'Or,2022-03-31,1365.0,bénéficiaires *
Pacte d'ambition pour l'insertion par l'activité économique,Nombre de bénéficiaires en structures d'insertion par l'activité économique,nb-beneficiaires-siae,21,Côte-d'Or,2022-04-30,1395.0,bénéficiaires *
Pacte d'ambition pour l'insertion par l'activité économique,Nombre de bénéficiaires en structures d'insertion par l'activité économique,nb-beneficiaires-siae,21,Côte-d'Or,2022-05-31,1408.0,bénéficiaires *
Pacte d'ambition pour l'insertion par l'activité économique,Nombre de bénéficiaires en structures d'insertion par l'activité économique,nb-beneficiaires-siae,21,Côte-d'Or,2022-06-30,1418.0,bénéficiaires *
Pacte d'ambition pour l'insertion par l'activité économique,Nombre de bénéficiaires en structures d'insertion par l'activité économique,nb-beneficiaires-siae,21,Côte-d'Or,2022-07-31,1378.0,bénéficiaires *
Pacte d'ambition pour l'insertion par l'activité économique,Nombre de bénéficiaires en structures d'insertion par l'activité économique,nb-beneficiaires-siae,21,Côte-d'Or,2022-08-31,1328.0,bénéficiaires *
Pacte d'ambition pour l'insertion par l'activité économique,Nombre de bénéficiaires en structures d'insertion par l'activité économique,nb-beneficiaires-siae,21,Côte-d'Or,2022-09-30,1400.0,bénéficiaires *
Numérisation des petites et moyennes entreprises,Nombre d'entreprises ayant disposé d'un diagnostic numérique et d'un plan d'action individualisé,nb-diagnostics-individualises,21,Côte-d'Or,2021-01-31,18.0,entreprises
Numérisation des petites et moyennes entreprises,Nombre d'entreprises ayant disposé d'un diagnostic numérique et d'un plan d'action individualisé,nb-diagnostics-individualises,21,Côte-d'Or,2021-02-28,46.0,entreprises
Numérisation des petites et moyennes entreprises,Nombre d'entreprises ayant disposé d'un diagnostic numérique et d'un plan d'action individualisé,nb-diagnostics-individualises,21,Côte-d'Or,2021-03-31,79.0,entreprises
Numérisation des petites et moyennes entreprises,Nombre d'entreprises ayant disposé d'un diagnostic numérique et d'un plan d'action individualisé,nb-diagnostics-individualises,21,Côte-d'Or,2021-04-30,92.0,entreprises
Numérisation des petites et moyennes entreprises,Nombre d'entreprises ayant disposé d'un diagnostic numérique et d'un plan d'action individualisé,nb-diagnostics-individualises,21,Côte-d'Or,2021-05-31,101.0,entreprises
Numérisation des petites et moyennes entreprises,Nombre d'entreprises ayant disposé d'un diagnostic numérique et d'un plan d'action individualisé,nb-diagnostics-individualises,21,Côte-d'Or,2021-06-30,161.0,entreprises
Numérisation des petites et moyennes entreprises,Nombre d'entreprises ayant disposé d'un diagnostic numérique et d'un plan d'action individualisé,nb-diagnostics-individualises,21,Côte-d'Or,2021-08-31,182.0,entreprises
Numérisation des petites et moyennes entreprises,Nombre d'entreprises ayant disposé d'un diagnostic numérique et d'un plan d'action individualisé,nb-diagnostics-individualises,21,Côte-d'Or,2021-09-30,197.0,entreprises
Numérisation des petites et moyennes entreprises,Nombre d'entreprises ayant disposé d'un diagnostic numérique et d'un plan d'action individualisé,nb-diagnostics-individualises,21,Côte-d'Or,2021-10-31,207.0,entreprises
Numérisation des petites et moyennes entreprises,Nombre d'entreprises ayant disposé d'un diagnostic numérique et d'un plan d'action individualisé,nb-diagnostics-individualises,21,Côte-d'Or,2021-11-30,235.0,entreprises
Numérisation des petites et moyennes entreprises,Nombre d'entreprises ayant disposé d'un diagnostic numérique et d'un plan d'action individualisé,nb-diagnostics-individualises,21,Côte-d'Or,2021-12-31,246.0,entreprises
Numérisation des petites et moyennes entreprises,Nombre d'entreprises ayant disposé d'un diagnostic numérique et d'un plan d'action individualisé,nb-diagnostics-individualises,21,Côte-d'Or,2022-01-31,256.0,entreprises
Numérisation des petites et moyennes entreprises,Nombre d'entreprises ayant disposé d'un diagnostic numérique et d'un plan d'action individualisé,nb-diagnostics-individualises,21,Côte-d'Or,2022-02-28,267.0,entreprises
Numérisation des petites et moyennes entreprises,Nombre d'entreprises ayant disposé d'un diagnostic numérique et d'un plan d'action individualisé,nb-diagnostics-individualises,21,Côte-d'Or,2022-03-31,283.0,entreprises
Numérisation des petites et moyennes entreprises,Nombre d'entreprises ayant disposé d'un diagnostic numérique et d'un plan d'action individualisé,nb-diagnostics-individualises,21,Côte-d'Or,2022-05-31,283.0,entreprises
Numérisation des petites et moyennes entreprises,Nombre d'entreprises ayant disposé d'un diagnostic numérique et d'un plan d'action individualisé,nb-diagnostics-individualises,21,Côte-d'Or,2022-06-30,283.0,entreprises
Numérisation des petites et moyennes entreprises,Nombre d'entreprises ayant disposé d'un diagnostic numérique et d'un plan d'action individualisé,nb-diagnostics-individualises,21,Côte-d'Or,2022-08-31,281.0,entreprises
Numérisation des petites et moyennes entreprises,Nombre d'entreprises ayant disposé d'un diagnostic numérique et d'un plan d'action individualisé,nb-diagnostics-individualises,21,Côte-d'Or,2022-09-30,286.0,entreprises
Numérisation des petites et moyennes entreprises,Nombre d'entreprises ayant disposé d'un diagnostic numérique et d'un plan d'action individualisé,nb-diagnostics-individualises,21,Côte-d'Or,2022-10-31,286.0,entreprises
Numérisation des petites et moyennes entreprises,Nombre d'entreprises ayant disposé d'un diagnostic numérique et d'un plan d'action individualisé,nb-diagnostics-individualises,21,Côte-d'Or,2022-11-30,350.0,entreprises
Numérisation des petites et moyennes entreprises,Nombre d'entreprises ayant bénéficié d'un chèque numérique de 500€,nb-entreprises-cheaque-numerique,21,Côte-d'Or,2021-02-28,58.0,entreprises
Numérisation des petites et moyennes entreprises,Nombre d'entreprises ayant bénéficié d'un chèque numérique de 500€,nb-entreprises-cheaque-numerique,21,Côte-d'Or,2021-03-31,192.0,entreprises
Numérisation des petites et moyennes entreprises,Nombre d'entreprises ayant bénéficié d'un chèque numérique de 500€,nb-entreprises-cheaque-numerique,21,Côte-d'Or,2021-04-30,272.0,entreprises
Numérisation des petites et moyennes entreprises,Nombre d'entreprises ayant bénéficié d'un chèque numérique de 500€,nb-entreprises-cheaque-numerique,21,Côte-d'Or,2021-05-31,344.0,entreprises
Numérisation des petites et moyennes entreprises,Nombre d'entreprises ayant bénéficié d'un chèque numérique de 500€,nb-entreprises-cheaque-numerique,21,Côte-d'Or,2021-06-30,553.0,entreprises
Numérisation des petites et moyennes entreprises,Nombre d'entreprises ayant bénéficié d'un chèque numérique de 500€,nb-entreprises-cheaque-numerique,21,Côte-d'Or,2021-07-31,745.0,entreprises
Numérisation des petites et moyennes entreprises,Nombre d'entreprises ayant bénéficié d'un chèque numérique de 500€,nb-entreprises-cheaque-numerique,21,Côte-d'Or,2021-08-31,841.0,entreprises
Numérisation des petites et moyennes entreprises,Nombre d'entreprises ayant bénéficié d'un chèque numérique de 500€,nb-entreprises-cheaque-numerique,21,Côte-d'Or,2021-09-30,838.0,entreprises
Numérisation des petites et moyennes entreprises,Nombre d'entreprises ayant bénéficié d'un chèque numérique de 500€,nb-entreprises-cheaque-numerique,21,Côte-d'Or,2021-10-31,838.0,entreprises
Numérisation des petites et moyennes entreprises,Nombre d'entreprises ayant bénéficié d'un chèque numérique de 500€,nb-entreprises-cheaque-numerique,21,Côte-d'Or,2021-12-31,845.0,entreprises
Numérisation des petites et moyennes entreprises,Nombre d'entreprises ayant bénéficié d'un chèque numérique de 500€,nb-entreprises-cheaque-numerique,21,Côte-d'Or,2022-01-31,846.0,entreprises
Numérisation des petites et moyennes entreprises,Nombre d'entreprises ayant bénéficié d'un chèque numérique de 500€,nb-entreprises-cheaque-numerique,21,Côte-d'Or,2022-02-28,850.0,entreprises
Numérisation des petites et moyennes entreprises,Nombre d'entreprises ayant bénéficié d'un chèque numérique de 500€,nb-entreprises-cheaque-numerique,21,Côte-d'Or,2022-03-31,844.0,entreprises
Numérisation des petites et moyennes entreprises,Nombre d'entreprises ayant bénéficié d'un chèque numérique de 500€,nb-entreprises-cheaque-numerique,21,Côte-d'Or,2022-05-31,844.0,entreprises
Numérisation des petites et moyennes entreprises,Nombre d'entreprises ayant bénéficié d'un chèque numérique de 500€,nb-entreprises-cheaque-numerique,21,Côte-d'Or,2022-06-30,844.0,entreprises
Numérisation des petites et moyennes entreprises,Nombre d'entreprises ayant bénéficié d'un chèque numérique de 500€,nb-entreprises-cheaque-numerique,21,Côte-d'Or,2022-08-31,844.0,entreprises
Numérisation des petites et moyennes entreprises,Nombre d'entreprises ayant bénéficié d'un chèque numérique de 500€,nb-entreprises-cheaque-numerique,21,Côte-d'Or,2022-09-30,844.0,entreprises
Numérisation des petites et moyennes entreprises,Nombre d'entreprises ayant bénéficié d'un chèque numérique de 500€,nb-entreprises-cheaque-numerique,21,Côte-d'Or,2022-10-31,844.0,entreprises
Numérisation des petites et moyennes entreprises,Nombre d'entreprises ayant bénéficié d'un chèque numérique de 500€,nb-entreprises-cheaque-numerique,21,Côte-d'Or,2022-11-30,844.0,entreprises
Faciliter l’accès au logement des personnes sans-abri,Nombre de personnes sans-abri ou en hébergement ayant obtenu un logement social,logement-sans-domicile-hebergement-urgence,21,Côte-d'Or,2017-12-31,271.0,personnes dans l'année*
Faciliter l’accès au logement des personnes sans-abri,Nombre de personnes sans-abri ou en hébergement ayant obtenu un logement social,logement-sans-domicile-hebergement-urgence,21,Côte-d'Or,2018-01-31,0.0,personnes dans l'année*
Faciliter l’accès au logement des personnes sans-abri,Nombre de personnes sans-abri ou en hébergement ayant obtenu un logement social,logement-sans-domicile-hebergement-urgence,21,Côte-d'Or,2018-02-28,0.0,personnes dans l'année*
Faciliter l’accès au logement des personnes sans-abri,Nombre de personnes sans-abri ou en hébergement ayant obtenu un logement social,logement-sans-domicile-hebergement-urgence,21,Côte-d'Or,2018-03-31,0.0,personnes dans l'année*
Faciliter l’accès au logement des personnes sans-abri,Nombre de personnes sans-abri ou en hébergement ayant obtenu un logement social,logement-sans-domicile-hebergement-urgence,21,Côte-d'Or,2018-04-30,0.0,personnes dans l'année*
Faciliter l’accès au logement des personnes sans-abri,Nombre de personnes sans-abri ou en hébergement ayant obtenu un logement social,logement-sans-domicile-hebergement-urgence,21,Côte-d'Or,2018-05-31,141.0,personnes dans l'année*
Faciliter l’accès au logement des personnes sans-abri,Nombre de personnes sans-abri ou en hébergement ayant obtenu un logement social,logement-sans-domicile-hebergement-urgence,21,Côte-d'Or,2018-06-30,187.0,personnes dans l'année*
Faciliter l’accès au logement des personnes sans-abri,Nombre de personnes sans-abri ou en hébergement ayant obtenu un logement social,logement-sans-domicile-hebergement-urgence,21,Côte-d'Or,2018-07-31,211.0,personnes dans l'année*
Faciliter l’accès au logement des personnes sans-abri,Nombre de personnes sans-abri ou en hébergement ayant obtenu un logement social,logement-sans-domicile-hebergement-urgence,21,Côte-d'Or,2018-08-31,249.0,personnes dans l'année*
Faciliter l’accès au logement des personnes sans-abri,Nombre de personnes sans-abri ou en hébergement ayant obtenu un logement social,logement-sans-domicile-hebergement-urgence,21,Côte-d'Or,2018-09-30,286.0,personnes dans l'année*
Faciliter l’accès au logement des personnes sans-abri,Nombre de personnes sans-abri ou en hébergement ayant obtenu un logement social,logement-sans-domicile-hebergement-urgence,21,Côte-d'Or,2018-10-31,330.0,personnes dans l'année*
Faciliter l’accès au logement des personnes sans-abri,Nombre de personnes sans-abri ou en hébergement ayant obtenu un logement social,logement-sans-domicile-hebergement-urgence,21,Côte-d'Or,2018-11-30,330.0,personnes dans l'année*
Faciliter l’accès au logement des personnes sans-abri,Nombre de personnes sans-abri ou en hébergement ayant obtenu un logement social,logement-sans-domicile-hebergement-urgence,21,Côte-d'Or,2018-12-31,367.0,personnes dans l'année*
Faciliter l’accès au logement des personnes sans-abri,Nombre de personnes sans-abri ou en hébergement ayant obtenu un logement social,logement-sans-domicile-hebergement-urgence,21,Côte-d'Or,2019-01-31,20.0,personnes dans l'année*
Faciliter l’accès au logement des personnes sans-abri,Nombre de personnes sans-abri ou en hébergement ayant obtenu un logement social,logement-sans-domicile-hebergement-urgence,21,Côte-d'Or,2019-02-28,73.0,personnes dans l'année*
Faciliter l’accès au logement des personnes sans-abri,Nombre de personnes sans-abri ou en hébergement ayant obtenu un logement social,logement-sans-domicile-hebergement-urgence,21,Côte-d'Or,2019-03-31,101.0,personnes dans l'année*
Faciliter l’accès au logement des personnes sans-abri,Nombre de personnes sans-abri ou en hébergement ayant obtenu un logement social,logement-sans-domicile-hebergement-urgence,21,Côte-d'Or,2019-04-30,139.0,personnes dans l'année*
Faciliter l’accès au logement des personnes sans-abri,Nombre de personnes sans-abri ou en hébergement ayant obtenu un logement social,logement-sans-domicile-hebergement-urgence,21,Côte-d'Or,2019-05-31,178.0,personnes dans l'année*
Faciliter l’accès au logement des personnes sans-abri,Nombre de personnes sans-abri ou en hébergement ayant obtenu un logement social,logement-sans-domicile-hebergement-urgence,21,Côte-d'Or,2019-06-30,194.0,personnes dans l'année*
Faciliter l’accès au logement des personnes sans-abri,Nombre de personnes sans-abri ou en hébergement ayant obtenu un logement social,logement-sans-domicile-hebergement-urgence,21,Côte-d'Or,2019-07-31,213.0,personnes dans l'année*
Faciliter l’accès au logement des personnes sans-abri,Nombre de personnes sans-abri ou en hébergement ayant obtenu un logement social,logement-sans-domicile-hebergement-urgence,21,Côte-d'Or,2019-08-31,220.0,personnes dans l'année*
Faciliter l’accès au logement des personnes sans-abri,Nombre de personnes sans-abri ou en hébergement ayant obtenu un logement social,logement-sans-domicile-hebergement-urgence,21,Côte-d'Or,2019-09-30,246.0,personnes dans l'année*
Faciliter l’accès au logement des personnes sans-abri,Nombre de personnes sans-abri ou en hébergement ayant obtenu un logement social,logement-sans-domicile-hebergement-urgence,21,Côte-d'Or,2019-10-31,273.0,personnes dans l'année*
Faciliter l’accès au logement des personnes sans-abri,Nombre de personnes sans-abri ou en hébergement ayant obtenu un logement social,logement-sans-domicile-hebergement-urgence,21,Côte-d'Or,2019-11-30,295.0,personnes dans l'année*
Faciliter l’accès au logement des personnes sans-abri,Nombre de personnes sans-abri ou en hébergement ayant obtenu un logement social,logement-sans-domicile-hebergement-urgence,21,Côte-d'Or,2019-12-31,361.0,personnes dans l'année*
Faciliter l’accès au logement des personnes sans-abri,Nombre de personnes sans-abri ou en hébergement ayant obtenu un logement social,logement-sans-domicile-hebergement-urgence,21,Côte-d'Or,2020-01-31,35.0,personnes dans l'année*
Faciliter l’accès au logement des personnes sans-abri,Nombre de personnes sans-abri ou en hébergement ayant obtenu un logement social,logement-sans-domicile-hebergement-urgence,21,Côte-d'Or,2020-02-29,51.0,personnes dans l'année*
Faciliter l’accès au logement des personnes sans-abri,Nombre de personnes sans-abri ou en hébergement ayant obtenu un logement social,logement-sans-domicile-hebergement-urgence,21,Côte-d'Or,2020-03-31,64.0,personnes dans l'année*
Faciliter l’accès au logement des personnes sans-abri,Nombre de personnes sans-abri ou en hébergement ayant obtenu un logement social,logement-sans-domicile-hebergement-urgence,21,Côte-d'Or,2020-04-30,66.0,personnes dans l'année*
Faciliter l’accès au logement des personnes sans-abri,Nombre de personnes sans-abri ou en hébergement ayant obtenu un logement social,logement-sans-domicile-hebergement-urgence,21,Côte-d'Or,2020-05-31,77.0,personnes dans l'année*
Faciliter l’accès au logement des personnes sans-abri,Nombre de personnes sans-abri ou en hébergement ayant obtenu un logement social,logement-sans-domicile-hebergement-urgence,21,Côte-d'Or,2020-06-30,121.0,personnes dans l'année*
Faciliter l’accès au logement des personnes sans-abri,Nombre de personnes sans-abri ou en hébergement ayant obtenu un logement social,logement-sans-domicile-hebergement-urgence,21,Côte-d'Or,2020-07-31,147.0,personnes dans l'année*
Faciliter l’accès au logement des personnes sans-abri,Nombre de personnes sans-abri ou en hébergement ayant obtenu un logement social,logement-sans-domicile-hebergement-urgence,21,Côte-d'Or,2020-08-31,169.0,personnes dans l'année*
Faciliter l’accès au logement des personnes sans-abri,Nombre de personnes sans-abri ou en hébergement ayant obtenu un logement social,logement-sans-domicile-hebergement-urgence,21,Côte-d'Or,2020-09-30,205.0,personnes dans l'année*
Faciliter l’accès au logement des personnes sans-abri,Nombre de personnes sans-abri ou en hébergement ayant obtenu un logement social,logement-sans-domicile-hebergement-urgence,21,Côte-d'Or,2020-10-31,244.0,personnes dans l'année*
Faciliter l’accès au logement des personnes sans-abri,Nombre de personnes sans-abri ou en hébergement ayant obtenu un logement social,logement-sans-domicile-hebergement-urgence,21,Côte-d'Or,2020-11-30,277.0,personnes dans l'année*
Faciliter l’accès au logement des personnes sans-abri,Nombre de personnes sans-abri ou en hébergement ayant obtenu un logement social,logement-sans-domicile-hebergement-urgence,21,Côte-d'Or,2020-12-31,319.0,personnes dans l'année*
Faciliter l’accès au logement des personnes sans-abri,Nombre de personnes sans-abri ou en hébergement ayant obtenu un logement social,logement-sans-domicile-hebergement-urgence,21,Côte-d'Or,2021-01-31,29.0,personnes dans l'année*
Faciliter l’accès au logement des personnes sans-abri,Nombre de personnes sans-abri ou en hébergement ayant obtenu un logement social,logement-sans-domicile-hebergement-urgence,21,Côte-d'Or,2021-02-28,62.0,personnes dans l'année*
Faciliter l’accès au logement des personnes sans-abri,Nombre de personnes sans-abri ou en hébergement ayant obtenu un logement social,logement-sans-domicile-hebergement-urgence,21,Côte-d'Or,2021-03-31,106.0,personnes dans l'année*
Faciliter l’accès au logement des personnes sans-abri,Nombre de personnes sans-abri ou en hébergement ayant obtenu un logement social,logement-sans-domicile-hebergement-urgence,21,Côte-d'Or,2021-04-30,114.0,personnes dans l'année*
Faciliter l’accès au logement des personnes sans-abri,Nombre de personnes sans-abri ou en hébergement ayant obtenu un logement social,logement-sans-domicile-hebergement-urgence,21,Côte-d'Or,2021-05-31,136.0,personnes dans l'année*
Faciliter l’accès au logement des personnes sans-abri,Nombre de personnes sans-abri ou en hébergement ayant obtenu un logement social,logement-sans-domicile-hebergement-urgence,21,Côte-d'Or,2021-06-30,165.0,personnes dans l'année*
Faciliter l’accès au logement des personnes sans-abri,Nombre de personnes sans-abri ou en hébergement ayant obtenu un logement social,logement-sans-domicile-hebergement-urgence,21,Côte-d'Or,2021-07-31,191.0,personnes dans l'année*
Faciliter l’accès au logement des personnes sans-abri,Nombre de personnes sans-abri ou en hébergement ayant obtenu un logement social,logement-sans-domicile-hebergement-urgence,21,Côte-d'Or,2021-08-31,233.0,personnes dans l'année*
Faciliter l’accès au logement des personnes sans-abri,Nombre de personnes sans-abri ou en hébergement ayant obtenu un logement social,logement-sans-domicile-hebergement-urgence,21,Côte-d'Or,2021-09-30,251.0,personnes dans l'année*
Faciliter l’accès au logement des personnes sans-abri,Nombre de personnes sans-abri ou en hébergement ayant obtenu un logement social,logement-sans-domicile-hebergement-urgence,21,Côte-d'Or,2021-10-31,279.0,personnes dans l'année*
Faciliter l’accès au logement des personnes sans-abri,Nombre de personnes sans-abri ou en hébergement ayant obtenu un logement social,logement-sans-domicile-hebergement-urgence,21,Côte-d'Or,2021-11-30,299.0,personnes dans l'année*
Faciliter l’accès au logement des personnes sans-abri,Nombre de personnes sans-abri ou en hébergement ayant obtenu un logement social,logement-sans-domicile-hebergement-urgence,21,Côte-d'Or,2021-12-31,323.0,personnes dans l'année*
Faciliter l’accès au logement des personnes sans-abri,Nombre de personnes sans-abri ou en hébergement ayant obtenu un logement social,logement-sans-domicile-hebergement-urgence,21,Côte-d'Or,2022-01-31,26.0,personnes dans l'année*
Faciliter l’accès au logement des personnes sans-abri,Nombre de personnes sans-abri ou en hébergement ayant obtenu un logement social,logement-sans-domicile-hebergement-urgence,21,Côte-d'Or,2022-02-28,48.0,personnes dans l'année*
Faciliter l’accès au logement des personnes sans-abri,Nombre de personnes sans-abri ou en hébergement ayant obtenu un logement social,logement-sans-domicile-hebergement-urgence,21,Côte-d'Or,2022-03-31,84.0,personnes dans l'année*
Faciliter l’accès au logement des personnes sans-abri,Nombre de personnes sans-abri ou en hébergement ayant obtenu un logement social,logement-sans-domicile-hebergement-urgence,21,Côte-d'Or,2022-04-30,99.0,personnes dans l'année*
Faciliter l’accès au logement des personnes sans-abri,Nombre de personnes sans-abri ou en hébergement ayant obtenu un logement social,logement-sans-domicile-hebergement-urgence,21,Côte-d'Or,2022-05-31,152.0,personnes dans l'année*
Faciliter l’accès au logement des personnes sans-abri,Nombre de personnes sans-abri ou en hébergement ayant obtenu un logement social,logement-sans-domicile-hebergement-urgence,21,Côte-d'Or,2022-06-30,178.0,personnes dans l'année*
Faciliter l’accès au logement des personnes sans-abri,Nombre de personnes sans-abri ou en hébergement ayant obtenu un logement social,logement-sans-domicile-hebergement-urgence,21,Côte-d'Or,2022-07-31,202.0,personnes dans l'année*
Faciliter l’accès au logement des personnes sans-abri,Nombre de personnes sans-abri ou en hébergement ayant obtenu un logement social,logement-sans-domicile-hebergement-urgence,21,Côte-d'Or,2022-08-31,238.0,personnes dans l'année*
Faciliter l’accès au logement des personnes sans-abri,Nombre de personnes sans-abri ou en hébergement ayant obtenu un logement social,logement-sans-domicile-hebergement-urgence,21,Côte-d'Or,2022-09-30,279.0,personnes dans l'année*
Faciliter l’accès au logement des personnes sans-abri,Nombre de personnes sans-abri ou en hébergement ayant obtenu un logement social,logement-sans-domicile-hebergement-urgence,21,Côte-d'Or,2022-10-31,319.0,personnes dans l'année*
Faciliter l’accès au logement des personnes sans-abri,Nombre de personnes sans-abri ou en hébergement ayant obtenu un logement social,logement-sans-domicile-hebergement-urgence,21,Côte-d'Or,2022-11-30,348.0,personnes dans l'année*
Lutter contre les atteintes aux principes républicains,Nombre de contrôles réalisés dans le cadre des CLIR ou des dispositifs existant localement avant la mise en place progressive des CLIR,nb-controles-clir,21,Côte-d'Or,2020-12-31,-1.0,contrôles
Lutter contre les atteintes aux principes républicains,Nombre de contrôles réalisés dans le cadre des CLIR ou des dispositifs existant localement avant la mise en place progressive des CLIR,nb-controles-clir,21,Côte-d'Or,2021-01-31,0.0,contrôles
Lutter contre les atteintes aux principes républicains,Nombre de contrôles réalisés dans le cadre des CLIR ou des dispositifs existant localement avant la mise en place progressive des CLIR,nb-controles-clir,21,Côte-d'Or,2021-02-28,0.0,contrôles
Lutter contre les atteintes aux principes républicains,Nombre de contrôles réalisés dans le cadre des CLIR ou des dispositifs existant localement avant la mise en place progressive des CLIR,nb-controles-clir,21,Côte-d'Or,2021-03-31,0.0,contrôles
Lutter contre les atteintes aux principes républicains,Nombre de contrôles réalisés dans le cadre des CLIR ou des dispositifs existant localement avant la mise en place progressive des CLIR,nb-controles-clir,21,Côte-d'Or,2021-04-30,0.0,contrôles
Lutter contre les atteintes aux principes républicains,Nombre de contrôles réalisés dans le cadre des CLIR ou des dispositifs existant localement avant la mise en place progressive des CLIR,nb-controles-clir,21,Côte-d'Or,2021-05-31,0.0,contrôles
Lutter contre les atteintes aux principes républicains,Nombre de contrôles réalisés dans le cadre des CLIR ou des dispositifs existant localement avant la mise en place progressive des CLIR,nb-controles-clir,21,Côte-d'Or,2021-06-30,0.0,contrôles
Lutter contre les atteintes aux principes républicains,Nombre de contrôles réalisés dans le cadre des CLIR ou des dispositifs existant localement avant la mise en place progressive des CLIR,nb-controles-clir,21,Côte-d'Or,2021-07-31,0.0,contrôles
Lutter contre les atteintes aux principes républicains,Nombre de contrôles réalisés dans le cadre des CLIR ou des dispositifs existant localement avant la mise en place progressive des CLIR,nb-controles-clir,21,Côte-d'Or,2021-08-31,0.0,contrôles
Lutter contre les atteintes aux principes républicains,Nombre de contrôles réalisés dans le cadre des CLIR ou des dispositifs existant localement avant la mise en place progressive des CLIR,nb-controles-clir,21,Côte-d'Or,2021-09-30,6.0,contrôles
Lutter contre les atteintes aux principes républicains,Nombre de contrôles réalisés dans le cadre des CLIR ou des dispositifs existant localement avant la mise en place progressive des CLIR,nb-controles-clir,21,Côte-d'Or,2021-10-31,1.0,contrôles
Lutter contre les atteintes aux principes républicains,Nombre de contrôles réalisés dans le cadre des CLIR ou des dispositifs existant localement avant la mise en place progressive des CLIR,nb-controles-clir,21,Côte-d'Or,2021-11-30,0.0,contrôles
Lutter contre les atteintes aux principes républicains,Nombre de contrôles réalisés dans le cadre des CLIR ou des dispositifs existant localement avant la mise en place progressive des CLIR,nb-controles-clir,21,Côte-d'Or,2021-12-31,0.0,contrôles
Lutter contre les atteintes aux principes républicains,Nombre de contrôles réalisés dans le cadre des CLIR ou des dispositifs existant localement avant la mise en place progressive des CLIR,nb-controles-clir,21,Côte-d'Or,2022-01-31,1.0,contrôles
Lutter contre les atteintes aux principes républicains,Nombre de contrôles réalisés dans le cadre des CLIR ou des dispositifs existant localement avant la mise en place progressive des CLIR,nb-controles-clir,21,Côte-d'Or,2022-02-28,0.0,contrôles
Lutter contre les atteintes aux principes républicains,Nombre de contrôles réalisés dans le cadre des CLIR ou des dispositifs existant localement avant la mise en place progressive des CLIR,nb-controles-clir,21,Côte-d'Or,2022-03-31,1.0,contrôles
Lutter contre les atteintes aux principes républicains,Nombre de contrôles réalisés dans le cadre des CLIR ou des dispositifs existant localement avant la mise en place progressive des CLIR,nb-controles-clir,21,Côte-d'Or,2022-04-30,0.0,contrôles
Lutter contre les atteintes aux principes républicains,Nombre de contrôles réalisés dans le cadre des CLIR ou des dispositifs existant localement avant la mise en place progressive des CLIR,nb-controles-clir,21,Côte-d'Or,2022-05-31,0.0,contrôles
Lutter contre les atteintes aux principes républicains,Nombre de contrôles réalisés dans le cadre des CLIR ou des dispositifs existant localement avant la mise en place progressive des CLIR,nb-controles-clir,21,Côte-d'Or,2022-06-30,0.0,contrôles
Lutter contre les atteintes aux principes républicains,Nombre de contrôles réalisés dans le cadre des CLIR ou des dispositifs existant localement avant la mise en place progressive des CLIR,nb-controles-clir,21,Côte-d'Or,2022-07-31,3.0,contrôles
Lutter contre les atteintes aux principes républicains,Nombre de contrôles réalisés dans le cadre des CLIR ou des dispositifs existant localement avant la mise en place progressive des CLIR,nb-controles-clir,21,Côte-d'Or,2022-08-31,0.0,contrôles
Lutter contre les atteintes aux principes républicains,Nombre de contrôles réalisés dans le cadre des CLIR ou des dispositifs existant localement avant la mise en place progressive des CLIR,nb-controles-clir,21,Côte-d'Or,2022-09-30,0.0,contrôles
Lutter contre les atteintes aux principes républicains,Nombre de contrôles réalisés dans le cadre des CLIR ou des dispositifs existant localement avant la mise en place progressive des CLIR,nb-controles-clir,21,Côte-d'Or,2022-10-31,0.0,contrôles
Lutter contre les atteintes aux principes républicains,Nombre de contrôles réalisés dans le cadre des CLIR ou des dispositifs existant localement avant la mise en place progressive des CLIR,nb-controles-clir,21,Côte-d'Or,2022-11-30,5.0,contrôles
Lutter contre les atteintes aux principes républicains,Nombre de contrôles réalisés dans le cadre des CLIR ou des dispositifs existant localement avant la mise en place progressive des CLIR,nb-controles-clir,21,Côte-d'Or,2022-12-31,0.0,contrôles
Doubler le nombre de maisons de santé et de centres de santé dans les territoires,Nombre de maisons de santé pluri-professionnelles,nb-maisons-sante,21,Côte-d'Or,2017-06-30,7.0,maisons de santé
Doubler le nombre de maisons de santé et de centres de santé dans les territoires,Nombre de maisons de santé pluri-professionnelles,nb-maisons-sante,21,Côte-d'Or,2017-12-31,7.0,maisons de santé
Doubler le nombre de maisons de santé et de centres de santé dans les territoires,Nombre de maisons de santé pluri-professionnelles,nb-maisons-sante,21,Côte-d'Or,2018-06-30,7.0,maisons de santé
Doubler le nombre de maisons de santé et de centres de santé dans les territoires,Nombre de maisons de santé pluri-professionnelles,nb-maisons-sante,21,Côte-d'Or,2018-12-31,8.0,maisons de santé
Doubler le nombre de maisons de santé et de centres de santé dans les territoires,Nombre de maisons de santé pluri-professionnelles,nb-maisons-sante,21,Côte-d'Or,2019-06-30,8.0,maisons de santé
Doubler le nombre de maisons de santé et de centres de santé dans les territoires,Nombre de maisons de santé pluri-professionnelles,nb-maisons-sante,21,Côte-d'Or,2019-12-31,8.0,maisons de santé
Doubler le nombre de maisons de santé et de centres de santé dans les territoires,Nombre de maisons de santé pluri-professionnelles,nb-maisons-sante,21,Côte-d'Or,2020-06-30,8.0,maisons de santé
Doubler le nombre de maisons de santé et de centres de santé dans les territoires,Nombre de maisons de santé pluri-professionnelles,nb-maisons-sante,21,Côte-d'Or,2020-12-31,9.0,maisons de santé
Doubler le nombre de maisons de santé et de centres de santé dans les territoires,Nombre de maisons de santé pluri-professionnelles,nb-maisons-sante,21,Côte-d'Or,2021-06-30,9.0,maisons de santé
Doubler le nombre de maisons de santé et de centres de santé dans les territoires,Nombre de maisons de santé pluri-professionnelles,nb-maisons-sante,21,Côte-d'Or,2021-12-31,11.0,maisons de santé
Doubler le nombre de maisons de santé et de centres de santé dans les territoires,Nombre de maisons de santé pluri-professionnelles,nb-maisons-sante,21,Côte-d'Or,2022-06-30,11.0,maisons de santé
Doubler le nombre de maisons de santé et de centres de santé dans les territoires,Nombre de maisons de santé pluri-professionnelles,nb-maisons-sante,21,Côte-d'Or,2022-12-31,12.0,maisons de santé
Doubler le nombre de maisons de santé et de centres de santé dans les territoires,Nombre de centres de santé,nb-centres-sante,21,Côte-d'Or,2017-12-31,1.0,centres de santé
Doubler le nombre de maisons de santé et de centres de santé dans les territoires,Nombre de centres de santé,nb-centres-sante,21,Côte-d'Or,2018-12-31,1.0,centres de santé
Doubler le nombre de maisons de santé et de centres de santé dans les territoires,Nombre de centres de santé,nb-centres-sante,21,Côte-d'Or,2019-12-31,1.0,centres de santé
Doubler le nombre de maisons de santé et de centres de santé dans les territoires,Nombre de centres de santé,nb-centres-sante,21,Côte-d'Or,2020-12-31,1.0,centres de santé
Doubler le nombre de maisons de santé et de centres de santé dans les territoires,Nombre de centres de santé,nb-centres-sante,21,Côte-d'Or,2021-06-30,1.0,centres de santé
Doubler le nombre de maisons de santé et de centres de santé dans les territoires,Nombre de centres de santé,nb-centres-sante,21,Côte-d'Or,2021-12-31,1.0,centres de santé
Déployer Parcoursup ,Taux de réussite aux examens de licence 1,tx-reussite-examens,21,Côte-d'Or,2017-10-31,44.7,% de réussite
Déployer Parcoursup ,Taux de réussite aux examens de licence 1,tx-reussite-examens,21,Côte-d'Or,2019-10-31,46.2,% de réussite
Déployer Parcoursup ,Taux de réussite aux examens de licence 1,tx-reussite-examens,21,Côte-d'Or,2020-10-31,56.0,% de réussite
Déployer Parcoursup ,Taux de réussite aux examens de licence 1,tx-reussite-examens,21,Côte-d'Or,2021-10-31,51.3,% de réussite
Accompagner les aidants,Nombre de bénéficiaires d'un congé de proche aidant indemnisé,nb-beneficiaires-ajpa,21,Côte-d'Or,2020-09-30,0.0,bénéficiaires
Accompagner les aidants,Nombre de bénéficiaires d'un congé de proche aidant indemnisé,nb-beneficiaires-ajpa,21,Côte-d'Or,2020-10-31,1.0,bénéficiaires
Accompagner les aidants,Nombre de bénéficiaires d'un congé de proche aidant indemnisé,nb-beneficiaires-ajpa,21,Côte-d'Or,2020-11-30,4.0,bénéficiaires
Accompagner les aidants,Nombre de bénéficiaires d'un congé de proche aidant indemnisé,nb-beneficiaires-ajpa,21,Côte-d'Or,2020-12-31,11.0,bénéficiaires
Accompagner les aidants,Nombre de bénéficiaires d'un congé de proche aidant indemnisé,nb-beneficiaires-ajpa,21,Côte-d'Or,2021-01-31,11.0,bénéficiaires
Accompagner les aidants,Nombre de bénéficiaires d'un congé de proche aidant indemnisé,nb-beneficiaires-ajpa,21,Côte-d'Or,2021-02-28,12.0,bénéficiaires
Accompagner les aidants,Nombre de bénéficiaires d'un congé de proche aidant indemnisé,nb-beneficiaires-ajpa,21,Côte-d'Or,2021-03-31,20.0,bénéficiaires
Accompagner les aidants,Nombre de bénéficiaires d'un congé de proche aidant indemnisé,nb-beneficiaires-ajpa,21,Côte-d'Or,2021-04-30,23.0,bénéficiaires
Accompagner les aidants,Nombre de bénéficiaires d'un congé de proche aidant indemnisé,nb-beneficiaires-ajpa,21,Côte-d'Or,2021-05-31,27.0,bénéficiaires
Accompagner les aidants,Nombre de bénéficiaires d'un congé de proche aidant indemnisé,nb-beneficiaires-ajpa,21,Côte-d'Or,2021-06-30,29.0,bénéficiaires
Accompagner les aidants,Nombre de bénéficiaires d'un congé de proche aidant indemnisé,nb-beneficiaires-ajpa,21,Côte-d'Or,2021-07-31,30.0,bénéficiaires
Accompagner les aidants,Nombre de bénéficiaires d'un congé de proche aidant indemnisé,nb-beneficiaires-ajpa,21,Côte-d'Or,2021-08-31,30.0,bénéficiaires
Accompagner les aidants,Nombre de bénéficiaires d'un congé de proche aidant indemnisé,nb-beneficiaires-ajpa,21,Côte-d'Or,2021-09-30,30.0,bénéficiaires
Accompagner les aidants,Nombre de bénéficiaires d'un congé de proche aidant indemnisé,nb-beneficiaires-ajpa,21,Côte-d'Or,2021-10-31,30.0,bénéficiaires
Accompagner les aidants,Nombre de bénéficiaires d'un congé de proche aidant indemnisé,nb-beneficiaires-ajpa,21,Côte-d'Or,2021-11-30,30.0,bénéficiaires
Accompagner les aidants,Nombre de bénéficiaires d'un congé de proche aidant indemnisé,nb-beneficiaires-ajpa,21,Côte-d'Or,2021-12-31,30.0,bénéficiaires
Accompagner les aidants,Nombre de bénéficiaires d'un congé de proche aidant indemnisé,nb-beneficiaires-ajpa,21,Côte-d'Or,2022-01-31,31.0,bénéficiaires
Accompagner les aidants,Nombre de bénéficiaires d'un congé de proche aidant indemnisé,nb-beneficiaires-ajpa,21,Côte-d'Or,2022-02-28,31.0,bénéficiaires
Accompagner les aidants,Nombre de bénéficiaires d'un congé de proche aidant indemnisé,nb-beneficiaires-ajpa,21,Côte-d'Or,2022-03-31,31.0,bénéficiaires
Accompagner les aidants,Nombre de bénéficiaires d'un congé de proche aidant indemnisé,nb-beneficiaires-ajpa,21,Côte-d'Or,2022-04-30,31.0,bénéficiaires
Accompagner les aidants,Nombre de bénéficiaires d'un congé de proche aidant indemnisé,nb-beneficiaires-ajpa,21,Côte-d'Or,2022-05-31,32.0,bénéficiaires
Accompagner les aidants,Nombre de bénéficiaires d'un congé de proche aidant indemnisé,nb-beneficiaires-ajpa,21,Côte-d'Or,2022-06-30,32.0,bénéficiaires
Accompagner les aidants,Nombre de bénéficiaires d'un congé de proche aidant indemnisé,nb-beneficiaires-ajpa,21,Côte-d'Or,2022-07-31,32.0,bénéficiaires
Accompagner les aidants,Nombre de bénéficiaires d'un congé de proche aidant indemnisé,nb-beneficiaires-ajpa,21,Côte-d'Or,2022-08-31,33.0,bénéficiaires
Accompagner les aidants,Nombre de bénéficiaires d'un congé de proche aidant indemnisé,nb-beneficiaires-ajpa,21,Côte-d'Or,2022-09-30,34.0,bénéficiaires
Accompagner les aidants,Nombre de bénéficiaires d'un congé de proche aidant indemnisé,nb-beneficiaires-ajpa,21,Côte-d'Or,2022-10-31,34.0,bénéficiaires
Accompagner les aidants,Nombre de bénéficiaires d'un congé de proche aidant indemnisé,nb-beneficiaires-ajpa,21,Côte-d'Or,2022-11-30,34.0,bénéficiaires
Accompagner les aidants,Nombre de bénéficiaires d'un congé de proche aidant indemnisé,nb-beneficiaires-ajpa,21,Côte-d'Or,2022-12-31,34.0,bénéficiaires
Réduire l'utilisation des produits phytosanitaires et accélérer la transition écologique,Surface agricole cultivée en agriculture biologique,surface-agriculture-biologique,21,Côte-d'Or,2017-12-31,5.8,% de surface agricole
Réduire l'utilisation des produits phytosanitaires et accélérer la transition écologique,Surface agricole cultivée en agriculture biologique,surface-agriculture-biologique,21,Côte-d'Or,2018-12-31,7.2,% de surface agricole
Réduire l'utilisation des produits phytosanitaires et accélérer la transition écologique,Surface agricole cultivée en agriculture biologique,surface-agriculture-biologique,21,Côte-d'Or,2019-12-31,9.2,% de surface agricole
Réduire l'utilisation des produits phytosanitaires et accélérer la transition écologique,Surface agricole cultivée en agriculture biologique,surface-agriculture-biologique,21,Côte-d'Or,2020-12-31,10.6,% de surface agricole
Réduire l'utilisation des produits phytosanitaires et accélérer la transition écologique,Surface agricole cultivée en agriculture biologique,surface-agriculture-biologique,21,Côte-d'Or,2021-12-31,12.6,% de surface agricole
Réduire l'utilisation des produits phytosanitaires et accélérer la transition écologique,Nombre d’agriculteurs engagés dans une démarche certifiée de transition agro-écologique,nb-agriculteurs-agro-eco,21,Côte-d'Or,2017-12-31,449.0,agriculteurs
Réduire l'utilisation des produits phytosanitaires et accélérer la transition écologique,Nombre d’agriculteurs engagés dans une démarche certifiée de transition agro-écologique,nb-agriculteurs-agro-eco,21,Côte-d'Or,2018-12-31,525.0,agriculteurs
Réduire l'utilisation des produits phytosanitaires et accélérer la transition écologique,Nombre d’agriculteurs engagés dans une démarche certifiée de transition agro-écologique,nb-agriculteurs-agro-eco,21,Côte-d'Or,2019-12-31,632.0,agriculteurs
Réduire l'utilisation des produits phytosanitaires et accélérer la transition écologique,Nombre d’agriculteurs engagés dans une démarche certifiée de transition agro-écologique,nb-agriculteurs-agro-eco,21,Côte-d'Or,2020-12-31,811.0,agriculteurs
Réduire l'utilisation des produits phytosanitaires et accélérer la transition écologique,Nombre d’agriculteurs engagés dans une démarche certifiée de transition agro-écologique,nb-agriculteurs-agro-eco,21,Côte-d'Or,2021-12-31,1072.0,agriculteurs
Mettre en œuvre la sortie du plastique à usage unique et lutter contre le gaspillage,Nombre de Français qui peuvent mettre tous les emballages dans le bac jaune,nb-francais-emballages-bac-jaune,21,Côte-d'Or,2017-06-30,0.0,habitants
Mettre en œuvre la sortie du plastique à usage unique et lutter contre le gaspillage,Nombre de Français qui peuvent mettre tous les emballages dans le bac jaune,nb-francais-emballages-bac-jaune,21,Côte-d'Or,2017-12-31,0.0,habitants
Mettre en œuvre la sortie du plastique à usage unique et lutter contre le gaspillage,Nombre de Français qui peuvent mettre tous les emballages dans le bac jaune,nb-francais-emballages-bac-jaune,21,Côte-d'Or,2018-06-30,0.0,habitants
Mettre en œuvre la sortie du plastique à usage unique et lutter contre le gaspillage,Nombre de Français qui peuvent mettre tous les emballages dans le bac jaune,nb-francais-emballages-bac-jaune,21,Côte-d'Or,2018-12-31,0.0,habitants
Mettre en œuvre la sortie du plastique à usage unique et lutter contre le gaspillage,Nombre de Français qui peuvent mettre tous les emballages dans le bac jaune,nb-francais-emballages-bac-jaune,21,Côte-d'Or,2019-06-30,0.0,habitants
Mettre en œuvre la sortie du plastique à usage unique et lutter contre le gaspillage,Nombre de Français qui peuvent mettre tous les emballages dans le bac jaune,nb-francais-emballages-bac-jaune,21,Côte-d'Or,2019-12-31,0.0,habitants
Mettre en œuvre la sortie du plastique à usage unique et lutter contre le gaspillage,Nombre de Français qui peuvent mettre tous les emballages dans le bac jaune,nb-francais-emballages-bac-jaune,21,Côte-d'Or,2020-06-30,0.0,habitants
Mettre en œuvre la sortie du plastique à usage unique et lutter contre le gaspillage,Nombre de Français qui peuvent mettre tous les emballages dans le bac jaune,nb-francais-emballages-bac-jaune,21,Côte-d'Or,2020-12-31,0.0,habitants
Mettre en œuvre la sortie du plastique à usage unique et lutter contre le gaspillage,Nombre de Français qui peuvent mettre tous les emballages dans le bac jaune,nb-francais-emballages-bac-jaune,21,Côte-d'Or,2021-06-30,0.0,habitants
Mettre en œuvre la sortie du plastique à usage unique et lutter contre le gaspillage,Nombre de Français qui peuvent mettre tous les emballages dans le bac jaune,nb-francais-emballages-bac-jaune,21,Côte-d'Or,2021-12-31,0.0,habitants
Mettre en œuvre la sortie du plastique à usage unique et lutter contre le gaspillage,Nombre de Français qui peuvent mettre tous les emballages dans le bac jaune,nb-francais-emballages-bac-jaune,21,Côte-d'Or,2022-06-30,0.0,habitants
Mettre en œuvre la sortie du plastique à usage unique et lutter contre le gaspillage,Nombre de Français qui peuvent mettre tous les emballages dans le bac jaune,nb-francais-emballages-bac-jaune,21,Côte-d'Or,2022-12-31,530000.0,habitants
Offrir une scolarisation inclusive à tous les enfants handicapés,"Nombre d’unités locales d’inclusion scolaires (ULIS) pour les élèves en situation de handicap à l’école maternelle, à l’école élémentaire, au collège et au lycée",nombre-creation-ulis,21,Côte-d'Or,2017-09-30,63.0,unités
Offrir une scolarisation inclusive à tous les enfants handicapés,"Nombre d’unités locales d’inclusion scolaires (ULIS) pour les élèves en situation de handicap à l’école maternelle, à l’école élémentaire, au collège et au lycée",nombre-creation-ulis,21,Côte-d'Or,2018-09-30,68.0,unités
Offrir une scolarisation inclusive à tous les enfants handicapés,"Nombre d’unités locales d’inclusion scolaires (ULIS) pour les élèves en situation de handicap à l’école maternelle, à l’école élémentaire, au collège et au lycée",nombre-creation-ulis,21,Côte-d'Or,2019-09-30,73.0,unités
Offrir une scolarisation inclusive à tous les enfants handicapés,"Nombre d’unités locales d’inclusion scolaires (ULIS) pour les élèves en situation de handicap à l’école maternelle, à l’école élémentaire, au collège et au lycée",nombre-creation-ulis,21,Côte-d'Or,2020-09-30,75.0,unités
Offrir une scolarisation inclusive à tous les enfants handicapés,"Nombre d’unités locales d’inclusion scolaires (ULIS) pour les élèves en situation de handicap à l’école maternelle, à l’école élémentaire, au collège et au lycée",nombre-creation-ulis,21,Côte-d'Or,2021-09-30,77.0,unités
Offrir une scolarisation inclusive à tous les enfants handicapés,"Nombre d’unités locales d’inclusion scolaires (ULIS) pour les élèves en situation de handicap à l’école maternelle, à l’école élémentaire, au collège et au lycée",nombre-creation-ulis,21,Côte-d'Or,2022-09-30,80.0,unités
Offrir une scolarisation inclusive à tous les enfants handicapés,Nombre de classes adaptées à la scolarisation des enfants autistes (UEMA/UEEA) à l’école maternelle et à l’école élémentaire,nombre-creation-ueea,21,Côte-d'Or,2017-09-30,1.0,classes
Offrir une scolarisation inclusive à tous les enfants handicapés,Nombre de classes adaptées à la scolarisation des enfants autistes (UEMA/UEEA) à l’école maternelle et à l’école élémentaire,nombre-creation-ueea,21,Côte-d'Or,2018-09-30,1.0,classes
Offrir une scolarisation inclusive à tous les enfants handicapés,Nombre de classes adaptées à la scolarisation des enfants autistes (UEMA/UEEA) à l’école maternelle et à l’école élémentaire,nombre-creation-ueea,21,Côte-d'Or,2019-09-30,2.0,classes
Offrir une scolarisation inclusive à tous les enfants handicapés,Nombre de classes adaptées à la scolarisation des enfants autistes (UEMA/UEEA) à l’école maternelle et à l’école élémentaire,nombre-creation-ueea,21,Côte-d'Or,2020-09-30,2.0,classes
Offrir une scolarisation inclusive à tous les enfants handicapés,Nombre de classes adaptées à la scolarisation des enfants autistes (UEMA/UEEA) à l’école maternelle et à l’école élémentaire,nombre-creation-ueea,21,Côte-d'Or,2021-09-30,3.0,classes
Offrir une scolarisation inclusive à tous les enfants handicapés,Nombre de classes adaptées à la scolarisation des enfants autistes (UEMA/UEEA) à l’école maternelle et à l’école élémentaire,nombre-creation-ueea,21,Côte-d'Or,2022-09-30,4.0,classes
Promouvoir l'engagement chez les jeunes,Nombre de volontaires ayant réalisé au moins un jour de mission de service civique dans l'année,nb-jeunes-engages,21,Côte-d'Or,2017-03-31,731.0,jeunes
Promouvoir l'engagement chez les jeunes,Nombre de volontaires ayant réalisé au moins un jour de mission de service civique dans l'année,nb-jeunes-engages,21,Côte-d'Or,2017-06-30,816.0,jeunes
Promouvoir l'engagement chez les jeunes,Nombre de volontaires ayant réalisé au moins un jour de mission de service civique dans l'année,nb-jeunes-engages,21,Côte-d'Or,2017-09-30,1017.0,jeunes
Promouvoir l'engagement chez les jeunes,Nombre de volontaires ayant réalisé au moins un jour de mission de service civique dans l'année,nb-jeunes-engages,21,Côte-d'Or,2017-12-31,1527.0,jeunes
Promouvoir l'engagement chez les jeunes,Nombre de volontaires ayant réalisé au moins un jour de mission de service civique dans l'année,nb-jeunes-engages,21,Côte-d'Or,2018-03-31,872.0,jeunes
Promouvoir l'engagement chez les jeunes,Nombre de volontaires ayant réalisé au moins un jour de mission de service civique dans l'année,nb-jeunes-engages,21,Côte-d'Or,2018-06-30,938.0,jeunes
Promouvoir l'engagement chez les jeunes,Nombre de volontaires ayant réalisé au moins un jour de mission de service civique dans l'année,nb-jeunes-engages,21,Côte-d'Or,2018-09-30,1196.0,jeunes
Promouvoir l'engagement chez les jeunes,Nombre de volontaires ayant réalisé au moins un jour de mission de service civique dans l'année,nb-jeunes-engages,21,Côte-d'Or,2018-12-31,1660.0,jeunes
Promouvoir l'engagement chez les jeunes,Nombre de volontaires ayant réalisé au moins un jour de mission de service civique dans l'année,nb-jeunes-engages,21,Côte-d'Or,2019-03-31,895.0,jeunes
Promouvoir l'engagement chez les jeunes,Nombre de volontaires ayant réalisé au moins un jour de mission de service civique dans l'année,nb-jeunes-engages,21,Côte-d'Or,2019-06-30,955.0,jeunes
Promouvoir l'engagement chez les jeunes,Nombre de volontaires ayant réalisé au moins un jour de mission de service civique dans l'année,nb-jeunes-engages,21,Côte-d'Or,2019-09-30,1202.0,jeunes
Promouvoir l'engagement chez les jeunes,Nombre de volontaires ayant réalisé au moins un jour de mission de service civique dans l'année,nb-jeunes-engages,21,Côte-d'Or,2019-12-31,1614.0,jeunes
Promouvoir l'engagement chez les jeunes,Nombre de volontaires ayant réalisé au moins un jour de mission de service civique dans l'année,nb-jeunes-engages,21,Côte-d'Or,2020-03-31,778.0,jeunes
Promouvoir l'engagement chez les jeunes,Nombre de volontaires ayant réalisé au moins un jour de mission de service civique dans l'année,nb-jeunes-engages,21,Côte-d'Or,2020-06-30,795.0,jeunes
Promouvoir l'engagement chez les jeunes,Nombre de volontaires ayant réalisé au moins un jour de mission de service civique dans l'année,nb-jeunes-engages,21,Côte-d'Or,2020-09-30,1007.0,jeunes
Promouvoir l'engagement chez les jeunes,Nombre de volontaires ayant réalisé au moins un jour de mission de service civique dans l'année,nb-jeunes-engages,21,Côte-d'Or,2020-12-31,1426.0,jeunes
Promouvoir l'engagement chez les jeunes,Nombre de volontaires ayant réalisé au moins un jour de mission de service civique dans l'année,nb-jeunes-engages,21,Côte-d'Or,2021-03-31,730.0,jeunes
Promouvoir l'engagement chez les jeunes,Nombre de volontaires ayant réalisé au moins un jour de mission de service civique dans l'année,nb-jeunes-engages,21,Côte-d'Or,2021-06-30,803.0,jeunes
Promouvoir l'engagement chez les jeunes,Nombre de volontaires ayant réalisé au moins un jour de mission de service civique dans l'année,nb-jeunes-engages,21,Côte-d'Or,2021-09-30,1022.0,jeunes
Promouvoir l'engagement chez les jeunes,Nombre de volontaires ayant réalisé au moins un jour de mission de service civique dans l'année,nb-jeunes-engages,21,Côte-d'Or,2021-12-31,1409.0,jeunes
Promouvoir l'engagement chez les jeunes,Nombre de volontaires ayant réalisé au moins un jour de mission de service civique dans l'année,nb-jeunes-engages,21,Côte-d'Or,2022-03-31,642.0,jeunes
Promouvoir l'engagement chez les jeunes,Nombre de volontaires ayant réalisé au moins un jour de mission de service civique dans l'année,nb-jeunes-engages,21,Côte-d'Or,2022-06-30,750.0,jeunes
Renforcer la sécurité du quotidien,Atteintes aux personnes dans les transports en commun,nb-atteintes-personnes,21,Côte-d'Or,2017-01-31,9.0,atteintes aux personnes dans l'année
Renforcer la sécurité du quotidien,Atteintes aux personnes dans les transports en commun,nb-atteintes-personnes,21,Côte-d'Or,2017-02-28,9.0,atteintes aux personnes dans l'année
Renforcer la sécurité du quotidien,Atteintes aux personnes dans les transports en commun,nb-atteintes-personnes,21,Côte-d'Or,2017-03-31,11.0,atteintes aux personnes dans l'année
Renforcer la sécurité du quotidien,Atteintes aux personnes dans les transports en commun,nb-atteintes-personnes,21,Côte-d'Or,2017-04-30,13.0,atteintes aux personnes dans l'année
Renforcer la sécurité du quotidien,Atteintes aux personnes dans les transports en commun,nb-atteintes-personnes,21,Côte-d'Or,2017-05-31,2.0,atteintes aux personnes dans l'année
Renforcer la sécurité du quotidien,Atteintes aux personnes dans les transports en commun,nb-atteintes-personnes,21,Côte-d'Or,2017-06-30,11.0,atteintes aux personnes dans l'année
Renforcer la sécurité du quotidien,Atteintes aux personnes dans les transports en commun,nb-atteintes-personnes,21,Côte-d'Or,2017-07-31,10.0,atteintes aux personnes dans l'année
Renforcer la sécurité du quotidien,Atteintes aux personnes dans les transports en commun,nb-atteintes-personnes,21,Côte-d'Or,2017-08-31,7.0,atteintes aux personnes dans l'année
Renforcer la sécurité du quotidien,Atteintes aux personnes dans les transports en commun,nb-atteintes-personnes,21,Côte-d'Or,2017-09-30,8.0,atteintes aux personnes dans l'année
Renforcer la sécurité du quotidien,Atteintes aux personnes dans les transports en commun,nb-atteintes-personnes,21,Côte-d'Or,2017-10-31,16.0,atteintes aux personnes dans l'année
Renforcer la sécurité du quotidien,Atteintes aux personnes dans les transports en commun,nb-atteintes-personnes,21,Côte-d'Or,2017-11-30,10.0,atteintes aux personnes dans l'année
Renforcer la sécurité du quotidien,Atteintes aux personnes dans les transports en commun,nb-atteintes-personnes,21,Côte-d'Or,2017-12-31,10.0,atteintes aux personnes dans l'année
Renforcer la sécurité du quotidien,Atteintes aux personnes dans les transports en commun,nb-atteintes-personnes,21,Côte-d'Or,2018-01-31,15.0,atteintes aux personnes dans l'année
Renforcer la sécurité du quotidien,Atteintes aux personnes dans les transports en commun,nb-atteintes-personnes,21,Côte-d'Or,2018-02-28,15.0,atteintes aux personnes dans l'année
Renforcer la sécurité du quotidien,Atteintes aux personnes dans les transports en commun,nb-atteintes-personnes,21,Côte-d'Or,2018-03-31,15.0,atteintes aux personnes dans l'année
Renforcer la sécurité du quotidien,Atteintes aux personnes dans les transports en commun,nb-atteintes-personnes,21,Côte-d'Or,2018-04-30,15.0,atteintes aux personnes dans l'année
Renforcer la sécurité du quotidien,Atteintes aux personnes dans les transports en commun,nb-atteintes-personnes,21,Côte-d'Or,2018-05-31,11.0,atteintes aux personnes dans l'année
Renforcer la sécurité du quotidien,Atteintes aux personnes dans les transports en commun,nb-atteintes-personnes,21,Côte-d'Or,2018-06-30,19.0,atteintes aux personnes dans l'année
Renforcer la sécurité du quotidien,Atteintes aux personnes dans les transports en commun,nb-atteintes-personnes,21,Côte-d'Or,2018-07-31,6.0,atteintes aux personnes dans l'année
Renforcer la sécurité du quotidien,Atteintes aux personnes dans les transports en commun,nb-atteintes-personnes,21,Côte-d'Or,2018-08-31,10.0,atteintes aux personnes dans l'année
Renforcer la sécurité du quotidien,Atteintes aux personnes dans les transports en commun,nb-atteintes-personnes,21,Côte-d'Or,2018-09-30,10.0,atteintes aux personnes dans l'année
Renforcer la sécurité du quotidien,Atteintes aux personnes dans les transports en commun,nb-atteintes-personnes,21,Côte-d'Or,2018-10-31,13.0,atteintes aux personnes dans l'année
Renforcer la sécurité du quotidien,Atteintes aux personnes dans les transports en commun,nb-atteintes-personnes,21,Côte-d'Or,2018-11-30,8.0,atteintes aux personnes dans l'année
Renforcer la sécurité du quotidien,Atteintes aux personnes dans les transports en commun,nb-atteintes-personnes,21,Côte-d'Or,2018-12-31,6.0,atteintes aux personnes dans l'année
Renforcer la sécurité du quotidien,Atteintes aux personnes dans les transports en commun,nb-atteintes-personnes,21,Côte-d'Or,2019-01-31,18.0,atteintes aux personnes dans l'année
Renforcer la sécurité du quotidien,Atteintes aux personnes dans les transports en commun,nb-atteintes-personnes,21,Côte-d'Or,2019-02-28,9.0,atteintes aux personnes dans l'année
Renforcer la sécurité du quotidien,Atteintes aux personnes dans les transports en commun,nb-atteintes-personnes,21,Côte-d'Or,2019-03-31,12.0,atteintes aux personnes dans l'année
Renforcer la sécurité du quotidien,Atteintes aux personnes dans les transports en commun,nb-atteintes-personnes,21,Côte-d'Or,2019-04-30,9.0,atteintes aux personnes dans l'année
Renforcer la sécurité du quotidien,Atteintes aux personnes dans les transports en commun,nb-atteintes-personnes,21,Côte-d'Or,2019-05-31,15.0,atteintes aux personnes dans l'année
Renforcer la sécurité du quotidien,Atteintes aux personnes dans les transports en commun,nb-atteintes-personnes,21,Côte-d'Or,2019-06-30,2.0,atteintes aux personnes dans l'année
Renforcer la sécurité du quotidien,Atteintes aux personnes dans les transports en commun,nb-atteintes-personnes,21,Côte-d'Or,2019-07-31,5.0,atteintes aux personnes dans l'année
Renforcer la sécurité du quotidien,Atteintes aux personnes dans les transports en commun,nb-atteintes-personnes,21,Côte-d'Or,2019-08-31,9.0,atteintes aux personnes dans l'année
Renforcer la sécurité du quotidien,Atteintes aux personnes dans les transports en commun,nb-atteintes-personnes,21,Côte-d'Or,2019-09-30,15.0,atteintes aux personnes dans l'année
Renforcer la sécurité du quotidien,Atteintes aux personnes dans les transports en commun,nb-atteintes-personnes,21,Côte-d'Or,2019-10-31,14.0,atteintes aux personnes dans l'année
Renforcer la sécurité du quotidien,Atteintes aux personnes dans les transports en commun,nb-atteintes-personnes,21,Côte-d'Or,2019-11-30,2.0,atteintes aux personnes dans l'année
Renforcer la sécurité du quotidien,Atteintes aux personnes dans les transports en commun,nb-atteintes-personnes,21,Côte-d'Or,2019-12-31,8.0,atteintes aux personnes dans l'année
Renforcer la sécurité du quotidien,Atteintes aux personnes dans les transports en commun,nb-atteintes-personnes,21,Côte-d'Or,2020-01-31,17.0,atteintes aux personnes dans l'année
Renforcer la sécurité du quotidien,Atteintes aux personnes dans les transports en commun,nb-atteintes-personnes,21,Côte-d'Or,2020-02-29,6.0,atteintes aux personnes dans l'année
Renforcer la sécurité du quotidien,Atteintes aux personnes dans les transports en commun,nb-atteintes-personnes,21,Côte-d'Or,2020-03-31,9.0,atteintes aux personnes dans l'année
Renforcer la sécurité du quotidien,Atteintes aux personnes dans les transports en commun,nb-atteintes-personnes,21,Côte-d'Or,2020-04-30,2.0,atteintes aux personnes dans l'année
Renforcer la sécurité du quotidien,Atteintes aux personnes dans les transports en commun,nb-atteintes-personnes,21,Côte-d'Or,2020-05-31,2.0,atteintes aux personnes dans l'année
Renforcer la sécurité du quotidien,Atteintes aux personnes dans les transports en commun,nb-atteintes-personnes,21,Côte-d'Or,2020-06-30,11.0,atteintes aux personnes dans l'année
Renforcer la sécurité du quotidien,Atteintes aux personnes dans les transports en commun,nb-atteintes-personnes,21,Côte-d'Or,2020-07-31,12.0,atteintes aux personnes dans l'année
Renforcer la sécurité du quotidien,Atteintes aux personnes dans les transports en commun,nb-atteintes-personnes,21,Côte-d'Or,2020-08-31,7.0,atteintes aux personnes dans l'année
Renforcer la sécurité du quotidien,Atteintes aux personnes dans les transports en commun,nb-atteintes-personnes,21,Côte-d'Or,2020-09-30,13.0,atteintes aux personnes dans l'année
Renforcer la sécurité du quotidien,Atteintes aux personnes dans les transports en commun,nb-atteintes-personnes,21,Côte-d'Or,2020-10-31,21.0,atteintes aux personnes dans l'année
Renforcer la sécurité du quotidien,Atteintes aux personnes dans les transports en commun,nb-atteintes-personnes,21,Côte-d'Or,2020-11-30,7.0,atteintes aux personnes dans l'année
Renforcer la sécurité du quotidien,Atteintes aux personnes dans les transports en commun,nb-atteintes-personnes,21,Côte-d'Or,2020-12-31,5.0,atteintes aux personnes dans l'année
Renforcer la sécurité du quotidien,Atteintes aux personnes dans les transports en commun,nb-atteintes-personnes,21,Côte-d'Or,2021-01-31,6.0,atteintes aux personnes dans l'année
Renforcer la sécurité du quotidien,Atteintes aux personnes dans les transports en commun,nb-atteintes-personnes,21,Côte-d'Or,2021-02-28,6.0,atteintes aux personnes dans l'année
Renforcer la sécurité du quotidien,Atteintes aux personnes dans les transports en commun,nb-atteintes-personnes,21,Côte-d'Or,2021-03-31,15.0,atteintes aux personnes dans l'année
Renforcer la sécurité du quotidien,Atteintes aux personnes dans les transports en commun,nb-atteintes-personnes,21,Côte-d'Or,2021-04-30,6.0,atteintes aux personnes dans l'année
Renforcer la sécurité du quotidien,Atteintes aux personnes dans les transports en commun,nb-atteintes-personnes,21,Côte-d'Or,2021-05-31,9.0,atteintes aux personnes dans l'année
Renforcer la sécurité du quotidien,Atteintes aux personnes dans les transports en commun,nb-atteintes-personnes,21,Côte-d'Or,2021-06-30,6.0,atteintes aux personnes dans l'année
Renforcer la sécurité du quotidien,Atteintes aux personnes dans les transports en commun,nb-atteintes-personnes,21,Côte-d'Or,2021-07-31,7.0,atteintes aux personnes dans l'année
Renforcer la sécurité du quotidien,Atteintes aux personnes dans les transports en commun,nb-atteintes-personnes,21,Côte-d'Or,2021-08-31,11.0,atteintes aux personnes dans l'année
Renforcer la sécurité du quotidien,Atteintes aux personnes dans les transports en commun,nb-atteintes-personnes,21,Côte-d'Or,2021-09-30,8.0,atteintes aux personnes dans l'année
Renforcer la sécurité du quotidien,Atteintes aux personnes dans les transports en commun,nb-atteintes-personnes,21,Côte-d'Or,2021-10-31,11.0,atteintes aux personnes dans l'année
Renforcer la sécurité du quotidien,Atteintes aux personnes dans les transports en commun,nb-atteintes-personnes,21,Côte-d'Or,2021-11-30,8.0,atteintes aux personnes dans l'année
Renforcer la sécurité du quotidien,Atteintes aux personnes dans les transports en commun,nb-atteintes-personnes,21,Côte-d'Or,2021-12-31,12.0,atteintes aux personnes dans l'année
Renforcer la sécurité du quotidien,Atteintes aux biens dans les transports en commun,nb-atteintes-biens,21,Côte-d'Or,2017-01-31,34.0,atteintes aux biens dans l'année
Renforcer la sécurité du quotidien,Atteintes aux biens dans les transports en commun,nb-atteintes-biens,21,Côte-d'Or,2017-02-28,39.0,atteintes aux biens dans l'année
Renforcer la sécurité du quotidien,Atteintes aux biens dans les transports en commun,nb-atteintes-biens,21,Côte-d'Or,2017-03-31,39.0,atteintes aux biens dans l'année
Renforcer la sécurité du quotidien,Atteintes aux biens dans les transports en commun,nb-atteintes-biens,21,Côte-d'Or,2017-04-30,33.0,atteintes aux biens dans l'année
Renforcer la sécurité du quotidien,Atteintes aux biens dans les transports en commun,nb-atteintes-biens,21,Côte-d'Or,2017-05-31,30.0,atteintes aux biens dans l'année
Renforcer la sécurité du quotidien,Atteintes aux biens dans les transports en commun,nb-atteintes-biens,21,Côte-d'Or,2017-06-30,31.0,atteintes aux biens dans l'année
Renforcer la sécurité du quotidien,Atteintes aux biens dans les transports en commun,nb-atteintes-biens,21,Côte-d'Or,2017-07-31,39.0,atteintes aux biens dans l'année
Renforcer la sécurité du quotidien,Atteintes aux biens dans les transports en commun,nb-atteintes-biens,21,Côte-d'Or,2017-08-31,39.0,atteintes aux biens dans l'année
Renforcer la sécurité du quotidien,Atteintes aux biens dans les transports en commun,nb-atteintes-biens,21,Côte-d'Or,2017-09-30,48.0,atteintes aux biens dans l'année
Renforcer la sécurité du quotidien,Atteintes aux biens dans les transports en commun,nb-atteintes-biens,21,Côte-d'Or,2017-10-31,61.0,atteintes aux biens dans l'année
Renforcer la sécurité du quotidien,Atteintes aux biens dans les transports en commun,nb-atteintes-biens,21,Côte-d'Or,2017-11-30,42.0,atteintes aux biens dans l'année
Renforcer la sécurité du quotidien,Atteintes aux biens dans les transports en commun,nb-atteintes-biens,21,Côte-d'Or,2017-12-31,49.0,atteintes aux biens dans l'année
Renforcer la sécurité du quotidien,Atteintes aux biens dans les transports en commun,nb-atteintes-biens,21,Côte-d'Or,2018-01-31,63.0,atteintes aux biens dans l'année
Renforcer la sécurité du quotidien,Atteintes aux biens dans les transports en commun,nb-atteintes-biens,21,Côte-d'Or,2018-02-28,42.0,atteintes aux biens dans l'année
Renforcer la sécurité du quotidien,Atteintes aux biens dans les transports en commun,nb-atteintes-biens,21,Côte-d'Or,2018-03-31,50.0,atteintes aux biens dans l'année
Renforcer la sécurité du quotidien,Atteintes aux biens dans les transports en commun,nb-atteintes-biens,21,Côte-d'Or,2018-04-30,25.0,atteintes aux biens dans l'année
Renforcer la sécurité du quotidien,Atteintes aux biens dans les transports en commun,nb-atteintes-biens,21,Côte-d'Or,2018-05-31,37.0,atteintes aux biens dans l'année
Renforcer la sécurité du quotidien,Atteintes aux biens dans les transports en commun,nb-atteintes-biens,21,Côte-d'Or,2018-06-30,35.0,atteintes aux biens dans l'année
Renforcer la sécurité du quotidien,Atteintes aux biens dans les transports en commun,nb-atteintes-biens,21,Côte-d'Or,2018-07-31,29.0,atteintes aux biens dans l'année
Renforcer la sécurité du quotidien,Atteintes aux biens dans les transports en commun,nb-atteintes-biens,21,Côte-d'Or,2018-08-31,33.0,atteintes aux biens dans l'année
Renforcer la sécurité du quotidien,Atteintes aux biens dans les transports en commun,nb-atteintes-biens,21,Côte-d'Or,2018-09-30,46.0,atteintes aux biens dans l'année
Renforcer la sécurité du quotidien,Atteintes aux biens dans les transports en commun,nb-atteintes-biens,21,Côte-d'Or,2018-10-31,35.0,atteintes aux biens dans l'année
Renforcer la sécurité du quotidien,Atteintes aux biens dans les transports en commun,nb-atteintes-biens,21,Côte-d'Or,2018-11-30,33.0,atteintes aux biens dans l'année
Renforcer la sécurité du quotidien,Atteintes aux biens dans les transports en commun,nb-atteintes-biens,21,Côte-d'Or,2018-12-31,39.0,atteintes aux biens dans l'année
Renforcer la sécurité du quotidien,Atteintes aux biens dans les transports en commun,nb-atteintes-biens,21,Côte-d'Or,2019-01-31,23.0,atteintes aux biens dans l'année
Renforcer la sécurité du quotidien,Atteintes aux biens dans les transports en commun,nb-atteintes-biens,21,Côte-d'Or,2019-02-28,54.0,atteintes aux biens dans l'année
Renforcer la sécurité du quotidien,Atteintes aux biens dans les transports en commun,nb-atteintes-biens,21,Côte-d'Or,2019-03-31,59.0,atteintes aux biens dans l'année
Renforcer la sécurité du quotidien,Atteintes aux biens dans les transports en commun,nb-atteintes-biens,21,Côte-d'Or,2019-04-30,30.0,atteintes aux biens dans l'année
Renforcer la sécurité du quotidien,Atteintes aux biens dans les transports en commun,nb-atteintes-biens,21,Côte-d'Or,2019-05-31,37.0,atteintes aux biens dans l'année
Renforcer la sécurité du quotidien,Atteintes aux biens dans les transports en commun,nb-atteintes-biens,21,Côte-d'Or,2019-06-30,22.0,atteintes aux biens dans l'année
Renforcer la sécurité du quotidien,Atteintes aux biens dans les transports en commun,nb-atteintes-biens,21,Côte-d'Or,2019-07-31,34.0,atteintes aux biens dans l'année
Renforcer la sécurité du quotidien,Atteintes aux biens dans les transports en commun,nb-atteintes-biens,21,Côte-d'Or,2019-08-31,32.0,atteintes aux biens dans l'année
Renforcer la sécurité du quotidien,Atteintes aux biens dans les transports en commun,nb-atteintes-biens,21,Côte-d'Or,2019-09-30,32.0,atteintes aux biens dans l'année
Renforcer la sécurité du quotidien,Atteintes aux biens dans les transports en commun,nb-atteintes-biens,21,Côte-d'Or,2019-10-31,39.0,atteintes aux biens dans l'année
Renforcer la sécurité du quotidien,Atteintes aux biens dans les transports en commun,nb-atteintes-biens,21,Côte-d'Or,2019-11-30,30.0,atteintes aux biens dans l'année
Renforcer la sécurité du quotidien,Atteintes aux biens dans les transports en commun,nb-atteintes-biens,21,Côte-d'Or,2019-12-31,26.0,atteintes aux biens dans l'année
Renforcer la sécurité du quotidien,Atteintes aux biens dans les transports en commun,nb-atteintes-biens,21,Côte-d'Or,2020-01-31,37.0,atteintes aux biens dans l'année
Renforcer la sécurité du quotidien,Atteintes aux biens dans les transports en commun,nb-atteintes-biens,21,Côte-d'Or,2020-02-29,52.0,atteintes aux biens dans l'année
Renforcer la sécurité du quotidien,Atteintes aux biens dans les transports en commun,nb-atteintes-biens,21,Côte-d'Or,2020-03-31,15.0,atteintes aux biens dans l'année
Renforcer la sécurité du quotidien,Atteintes aux biens dans les transports en commun,nb-atteintes-biens,21,Côte-d'Or,2020-04-30,6.0,atteintes aux biens dans l'année
Renforcer la sécurité du quotidien,Atteintes aux biens dans les transports en commun,nb-atteintes-biens,21,Côte-d'Or,2020-05-31,7.0,atteintes aux biens dans l'année
Renforcer la sécurité du quotidien,Atteintes aux biens dans les transports en commun,nb-atteintes-biens,21,Côte-d'Or,2020-06-30,17.0,atteintes aux biens dans l'année
Renforcer la sécurité du quotidien,Atteintes aux biens dans les transports en commun,nb-atteintes-biens,21,Côte-d'Or,2020-07-31,48.0,atteintes aux biens dans l'année
Renforcer la sécurité du quotidien,Atteintes aux biens dans les transports en commun,nb-atteintes-biens,21,Côte-d'Or,2020-08-31,23.0,atteintes aux biens dans l'année
Renforcer la sécurité du quotidien,Atteintes aux biens dans les transports en commun,nb-atteintes-biens,21,Côte-d'Or,2020-09-30,45.0,atteintes aux biens dans l'année
Renforcer la sécurité du quotidien,Atteintes aux biens dans les transports en commun,nb-atteintes-biens,21,Côte-d'Or,2020-10-31,26.0,atteintes aux biens dans l'année
Renforcer la sécurité du quotidien,Atteintes aux biens dans les transports en commun,nb-atteintes-biens,21,Côte-d'Or,2020-11-30,16.0,atteintes aux biens dans l'année
Renforcer la sécurité du quotidien,Atteintes aux biens dans les transports en commun,nb-atteintes-biens,21,Côte-d'Or,2020-12-31,23.0,atteintes aux biens dans l'année
Renforcer la sécurité du quotidien,Atteintes aux biens dans les transports en commun,nb-atteintes-biens,21,Côte-d'Or,2021-01-31,31.0,atteintes aux biens dans l'année
Renforcer la sécurité du quotidien,Atteintes aux biens dans les transports en commun,nb-atteintes-biens,21,Côte-d'Or,2021-02-28,23.0,atteintes aux biens dans l'année
Renforcer la sécurité du quotidien,Atteintes aux biens dans les transports en commun,nb-atteintes-biens,21,Côte-d'Or,2021-03-31,20.0,atteintes aux biens dans l'année
Renforcer la sécurité du quotidien,Atteintes aux biens dans les transports en commun,nb-atteintes-biens,21,Côte-d'Or,2021-04-30,18.0,atteintes aux biens dans l'année
Renforcer la sécurité du quotidien,Atteintes aux biens dans les transports en commun,nb-atteintes-biens,21,Côte-d'Or,2021-05-31,17.0,atteintes aux biens dans l'année
Renforcer la sécurité du quotidien,Atteintes aux biens dans les transports en commun,nb-atteintes-biens,21,Côte-d'Or,2021-06-30,34.0,atteintes aux biens dans l'année
Renforcer la sécurité du quotidien,Atteintes aux biens dans les transports en commun,nb-atteintes-biens,21,Côte-d'Or,2021-07-31,28.0,atteintes aux biens dans l'année
Renforcer la sécurité du quotidien,Atteintes aux biens dans les transports en commun,nb-atteintes-biens,21,Côte-d'Or,2021-08-31,26.0,atteintes aux biens dans l'année
Renforcer la sécurité du quotidien,Atteintes aux biens dans les transports en commun,nb-atteintes-biens,21,Côte-d'Or,2021-09-30,18.0,atteintes aux biens dans l'année
Renforcer la sécurité du quotidien,Atteintes aux biens dans les transports en commun,nb-atteintes-biens,21,Côte-d'Or,2021-10-31,34.0,atteintes aux biens dans l'année
Renforcer la sécurité du quotidien,Atteintes aux biens dans les transports en commun,nb-atteintes-biens,21,Côte-d'Or,2021-11-30,26.0,atteintes aux biens dans l'année
Renforcer la sécurité du quotidien,Atteintes aux biens dans les transports en commun,nb-atteintes-biens,21,Côte-d'Or,2021-12-31,30.0,atteintes aux biens dans l'année
Renforcer la sécurité du quotidien,Nombre d’heures de patrouille de voie publique,nb-heures-patrouille,21,Côte-d'Or,2017-12-31,562916.0,heures de patrouille sur douze mois *
Renforcer la sécurité du quotidien,Nombre d’heures de patrouille de voie publique,nb-heures-patrouille,21,Côte-d'Or,2018-12-31,533839.0,heures de patrouille sur douze mois *
Renforcer la sécurité du quotidien,Nombre d’heures de patrouille de voie publique,nb-heures-patrouille,21,Côte-d'Or,2019-12-31,510285.0,heures de patrouille sur douze mois *
Renforcer la sécurité du quotidien,Nombre d’heures de patrouille de voie publique,nb-heures-patrouille,21,Côte-d'Or,2020-12-31,540437.0,heures de patrouille sur douze mois *
Renforcer la sécurité du quotidien,Nombre d’heures de patrouille de voie publique,nb-heures-patrouille,21,Côte-d'Or,2021-12-31,531392.0,heures de patrouille sur douze mois *
Renforcer la sécurité du quotidien,Nombre d’heures de patrouille de voie publique,nb-heures-patrouille,21,Côte-d'Or,2022-01-31,568498.0,heures de patrouille sur douze mois *
Renforcer la sécurité du quotidien,Nombre d’heures de patrouille de voie publique,nb-heures-patrouille,21,Côte-d'Or,2022-10-31,534886.0,heures de patrouille sur douze mois *
Plan 1 jeune 1 solution,Nombre de recrutements de jeunes,nombre-recrutements-jeunes,21,Côte-d'Or,2018-08-31,1589.0,Recrutements depuis le mois d'août précédent
Plan 1 jeune 1 solution,Nombre de recrutements de jeunes,nombre-recrutements-jeunes,21,Côte-d'Or,2018-09-30,5579.0,Recrutements depuis le mois d'août précédent
Plan 1 jeune 1 solution,Nombre de recrutements de jeunes,nombre-recrutements-jeunes,21,Côte-d'Or,2018-10-31,7565.0,Recrutements depuis le mois d'août précédent
Plan 1 jeune 1 solution,Nombre de recrutements de jeunes,nombre-recrutements-jeunes,21,Côte-d'Or,2018-11-30,8799.0,Recrutements depuis le mois d'août précédent
Plan 1 jeune 1 solution,Nombre de recrutements de jeunes,nombre-recrutements-jeunes,21,Côte-d'Or,2018-12-31,9761.0,Recrutements depuis le mois d'août précédent
Plan 1 jeune 1 solution,Nombre de recrutements de jeunes,nombre-recrutements-jeunes,21,Côte-d'Or,2019-01-31,11157.0,Recrutements depuis le mois d'août précédent
Plan 1 jeune 1 solution,Nombre de recrutements de jeunes,nombre-recrutements-jeunes,21,Côte-d'Or,2019-02-28,12176.0,Recrutements depuis le mois d'août précédent
Plan 1 jeune 1 solution,Nombre de recrutements de jeunes,nombre-recrutements-jeunes,21,Côte-d'Or,2019-03-31,13317.0,Recrutements depuis le mois d'août précédent
Plan 1 jeune 1 solution,Nombre de recrutements de jeunes,nombre-recrutements-jeunes,21,Côte-d'Or,2019-04-30,14547.0,Recrutements depuis le mois d'août précédent
Plan 1 jeune 1 solution,Nombre de recrutements de jeunes,nombre-recrutements-jeunes,21,Côte-d'Or,2019-05-31,15572.0,Recrutements depuis le mois d'août précédent
Plan 1 jeune 1 solution,Nombre de recrutements de jeunes,nombre-recrutements-jeunes,21,Côte-d'Or,2019-06-30,16639.0,Recrutements depuis le mois d'août précédent
Plan 1 jeune 1 solution,Nombre de recrutements de jeunes,nombre-recrutements-jeunes,21,Côte-d'Or,2019-07-31,18248.0,Recrutements depuis le mois d'août précédent
Plan 1 jeune 1 solution,Nombre de recrutements de jeunes,nombre-recrutements-jeunes,21,Côte-d'Or,2019-08-31,1586.0,Recrutements depuis le mois d'août précédent
Plan 1 jeune 1 solution,Nombre de recrutements de jeunes,nombre-recrutements-jeunes,21,Côte-d'Or,2019-09-30,5994.0,Recrutements depuis le mois d'août précédent
Plan 1 jeune 1 solution,Nombre de recrutements de jeunes,nombre-recrutements-jeunes,21,Côte-d'Or,2019-10-31,8024.0,Recrutements depuis le mois d'août précédent
Plan 1 jeune 1 solution,Nombre de recrutements de jeunes,nombre-recrutements-jeunes,21,Côte-d'Or,2019-11-30,9305.0,Recrutements depuis le mois d'août précédent
Plan 1 jeune 1 solution,Nombre de recrutements de jeunes,nombre-recrutements-jeunes,21,Côte-d'Or,2019-12-31,10215.0,Recrutements depuis le mois d'août précédent
Plan 1 jeune 1 solution,Nombre de recrutements de jeunes,nombre-recrutements-jeunes,21,Côte-d'Or,2020-01-31,11586.0,Recrutements depuis le mois d'août précédent
Plan 1 jeune 1 solution,Nombre de recrutements de jeunes,nombre-recrutements-jeunes,21,Côte-d'Or,2020-02-29,12664.0,Recrutements depuis le mois d'août précédent
Plan 1 jeune 1 solution,Nombre de recrutements de jeunes,nombre-recrutements-jeunes,21,Côte-d'Or,2020-03-31,13477.0,Recrutements depuis le mois d'août précédent
Plan 1 jeune 1 solution,Nombre de recrutements de jeunes,nombre-recrutements-jeunes,21,Côte-d'Or,2020-04-30,13711.0,Recrutements depuis le mois d'août précédent
Plan 1 jeune 1 solution,Nombre de recrutements de jeunes,nombre-recrutements-jeunes,21,Côte-d'Or,2020-05-31,14105.0,Recrutements depuis le mois d'août précédent
Plan 1 jeune 1 solution,Nombre de recrutements de jeunes,nombre-recrutements-jeunes,21,Côte-d'Or,2020-06-30,15078.0,Recrutements depuis le mois d'août précédent
Plan 1 jeune 1 solution,Nombre de recrutements de jeunes,nombre-recrutements-jeunes,21,Côte-d'Or,2020-07-31,16374.0,Recrutements depuis le mois d'août précédent
Plan 1 jeune 1 solution,Nombre de recrutements de jeunes,nombre-recrutements-jeunes,21,Côte-d'Or,2020-08-31,1751.0,Recrutements depuis le mois d'août précédent
Plan 1 jeune 1 solution,Nombre de recrutements de jeunes,nombre-recrutements-jeunes,21,Côte-d'Or,2020-09-30,6248.0,Recrutements depuis le mois d'août précédent
Plan 1 jeune 1 solution,Nombre de recrutements de jeunes,nombre-recrutements-jeunes,21,Côte-d'Or,2020-10-31,8185.0,Recrutements depuis le mois d'août précédent
Plan 1 jeune 1 solution,Nombre de recrutements de jeunes,nombre-recrutements-jeunes,21,Côte-d'Or,2020-11-30,9145.0,Recrutements depuis le mois d'août précédent
Plan 1 jeune 1 solution,Nombre de recrutements de jeunes,nombre-recrutements-jeunes,21,Côte-d'Or,2020-12-31,9823.0,Recrutements depuis le mois d'août précédent
Plan 1 jeune 1 solution,Nombre de recrutements de jeunes,nombre-recrutements-jeunes,21,Côte-d'Or,2021-01-31,11096.0,Recrutements depuis le mois d'août précédent
Plan 1 jeune 1 solution,Nombre de recrutements de jeunes,nombre-recrutements-jeunes,21,Côte-d'Or,2021-02-28,11987.0,Recrutements depuis le mois d'août précédent
Plan 1 jeune 1 solution,Nombre de recrutements de jeunes,nombre-recrutements-jeunes,21,Côte-d'Or,2021-03-31,13050.0,Recrutements depuis le mois d'août précédent
Plan 1 jeune 1 solution,Nombre de recrutements de jeunes,nombre-recrutements-jeunes,21,Côte-d'Or,2021-04-30,13866.0,Recrutements depuis le mois d'août précédent
Plan 1 jeune 1 solution,Nombre de recrutements de jeunes,nombre-recrutements-jeunes,21,Côte-d'Or,2021-05-31,15035.0,Recrutements depuis le mois d'août précédent
Plan 1 jeune 1 solution,Nombre de recrutements de jeunes,nombre-recrutements-jeunes,21,Côte-d'Or,2021-06-30,16391.0,Recrutements depuis le mois d'août précédent
Plan 1 jeune 1 solution,Nombre de recrutements de jeunes,nombre-recrutements-jeunes,21,Côte-d'Or,2021-07-31,18001.0,Recrutements depuis le mois d'août précédent
Plan 1 jeune 1 solution,Nombre de recrutements de jeunes,nombre-recrutements-jeunes,21,Côte-d'Or,2021-08-31,2129.0,Recrutements depuis le mois d'août précédent
Plan 1 jeune 1 solution,Nombre de recrutements de jeunes,nombre-recrutements-jeunes,21,Côte-d'Or,2021-09-30,7575.0,Recrutements depuis le mois d'août précédent
Plan 1 jeune 1 solution,Nombre de recrutements de jeunes,nombre-recrutements-jeunes,21,Côte-d'Or,2021-10-31,9868.0,Recrutements depuis le mois d'août précédent
Plan 1 jeune 1 solution,Nombre de recrutements de jeunes,nombre-recrutements-jeunes,21,Côte-d'Or,2021-11-30,11395.0,Recrutements depuis le mois d'août précédent
Plan 1 jeune 1 solution,Nombre de recrutements de jeunes,nombre-recrutements-jeunes,21,Côte-d'Or,2021-12-31,12494.0,Recrutements depuis le mois d'août précédent
Plan 1 jeune 1 solution,Nombre de recrutements de jeunes,nombre-recrutements-jeunes,21,Côte-d'Or,2022-01-31,14051.0,Recrutements depuis le mois d'août précédent
Plan 1 jeune 1 solution,Nombre de recrutements de jeunes,nombre-recrutements-jeunes,21,Côte-d'Or,2022-02-28,15280.0,Recrutements depuis le mois d'août précédent
Plan 1 jeune 1 solution,Nombre de recrutements de jeunes,nombre-recrutements-jeunes,21,Côte-d'Or,2022-03-31,16713.0,Recrutements depuis le mois d'août précédent
Plan 1 jeune 1 solution,Nombre de recrutements de jeunes,nombre-recrutements-jeunes,21,Côte-d'Or,2022-04-30,18056.0,Recrutements depuis le mois d'août précédent
Plan 1 jeune 1 solution,Nombre de recrutements de jeunes,nombre-recrutements-jeunes,21,Côte-d'Or,2022-05-31,19463.0,Recrutements depuis le mois d'août précédent
Plan 1 jeune 1 solution,Nombre de recrutements de jeunes,nombre-recrutements-jeunes,21,Côte-d'Or,2022-06-30,20863.0,Recrutements depuis le mois d'août précédent
Plan 1 jeune 1 solution,Nombre de recrutements de jeunes,nombre-recrutements-jeunes,21,Côte-d'Or,2022-07-31,22499.0,Recrutements depuis le mois d'août précédent
Plan 1 jeune 1 solution,Nombre de recrutements de jeunes,nombre-recrutements-jeunes,21,Côte-d'Or,2022-08-31,2418.0,Recrutements depuis le mois d'août précédent
Plan 1 jeune 1 solution,Nombre de recrutements de jeunes,nombre-recrutements-jeunes,21,Côte-d'Or,2022-09-30,8309.0,Recrutements depuis le mois d'août précédent
Simplifier l’accès à l’aide juridictionnelle,Nombre de demandes d'aide juridictionnelle formulées par voie dématérialisée,nb-aide-juridictionnelle-dematerialisee,21,Côte-d'Or,2021-03-31,0.0,% des demandes *
Simplifier l’accès à l’aide juridictionnelle,Nombre de demandes d'aide juridictionnelle formulées par voie dématérialisée,nb-aide-juridictionnelle-dematerialisee,21,Côte-d'Or,2022-05-31,2.5,% des demandes *
Simplifier l’accès à l’aide juridictionnelle,Nombre de demandes d'aide juridictionnelle formulées par voie dématérialisée,nb-aide-juridictionnelle-dematerialisee,21,Côte-d'Or,2022-06-30,4.6,% des demandes *
Simplifier l’accès à l’aide juridictionnelle,Nombre de demandes d'aide juridictionnelle formulées par voie dématérialisée,nb-aide-juridictionnelle-dematerialisee,21,Côte-d'Or,2022-07-31,46.4,% des demandes *
Simplifier l’accès à l’aide juridictionnelle,Nombre de demandes d'aide juridictionnelle formulées par voie dématérialisée,nb-aide-juridictionnelle-dematerialisee,21,Côte-d'Or,2022-08-31,2.7,% des demandes *
Simplifier l’accès à l’aide juridictionnelle,Nombre de demandes d'aide juridictionnelle formulées par voie dématérialisée,nb-aide-juridictionnelle-dematerialisee,21,Côte-d'Or,2022-09-30,7.6,% des demandes *
Simplifier l’accès à l’aide juridictionnelle,Nombre de demandes d'aide juridictionnelle formulées par voie dématérialisée,nb-aide-juridictionnelle-dematerialisee,21,Côte-d'Or,2022-10-31,3.6,% des demandes *
Simplifier l’accès à l’aide juridictionnelle,Nombre de demandes d'aide juridictionnelle formulées par voie dématérialisée,nb-aide-juridictionnelle-dematerialisee,21,Côte-d'Or,2022-11-30,5.3,% des demandes *
Lutter contre les violences faites aux femmes,Nombre d’ordonnances de protection délivrées,nb-ordonnances-delivrees,21,Côte-d'Or,2017-06-30,0.0,ordonnances dans l'année
Lutter contre les violences faites aux femmes,Nombre d’ordonnances de protection délivrées,nb-ordonnances-delivrees,21,Côte-d'Or,2017-09-30,4.0,ordonnances dans l'année
Lutter contre les violences faites aux femmes,Nombre d’ordonnances de protection délivrées,nb-ordonnances-delivrees,21,Côte-d'Or,2017-12-31,0.0,ordonnances dans l'année
Lutter contre les violences faites aux femmes,Nombre d’ordonnances de protection délivrées,nb-ordonnances-delivrees,21,Côte-d'Or,2018-03-31,5.0,ordonnances dans l'année
Lutter contre les violences faites aux femmes,Nombre d’ordonnances de protection délivrées,nb-ordonnances-delivrees,21,Côte-d'Or,2018-06-30,11.0,ordonnances dans l'année
Lutter contre les violences faites aux femmes,Nombre d’ordonnances de protection délivrées,nb-ordonnances-delivrees,21,Côte-d'Or,2018-09-30,17.0,ordonnances dans l'année
Lutter contre les violences faites aux femmes,Nombre d’ordonnances de protection délivrées,nb-ordonnances-delivrees,21,Côte-d'Or,2018-12-31,26.0,ordonnances dans l'année
Lutter contre les violences faites aux femmes,Nombre d’ordonnances de protection délivrées,nb-ordonnances-delivrees,21,Côte-d'Or,2019-03-31,0.0,ordonnances dans l'année
Lutter contre les violences faites aux femmes,Nombre d’ordonnances de protection délivrées,nb-ordonnances-delivrees,21,Côte-d'Or,2019-06-30,7.0,ordonnances dans l'année
Lutter contre les violences faites aux femmes,Nombre d’ordonnances de protection délivrées,nb-ordonnances-delivrees,21,Côte-d'Or,2019-09-30,12.0,ordonnances dans l'année
Lutter contre les violences faites aux femmes,Nombre d’ordonnances de protection délivrées,nb-ordonnances-delivrees,21,Côte-d'Or,2019-12-31,15.0,ordonnances dans l'année
Lutter contre les violences faites aux femmes,Nombre d’ordonnances de protection délivrées,nb-ordonnances-delivrees,21,Côte-d'Or,2020-03-31,4.0,ordonnances dans l'année
Lutter contre les violences faites aux femmes,Nombre d’ordonnances de protection délivrées,nb-ordonnances-delivrees,21,Côte-d'Or,2020-06-30,9.0,ordonnances dans l'année
Lutter contre les violences faites aux femmes,Nombre d’ordonnances de protection délivrées,nb-ordonnances-delivrees,21,Côte-d'Or,2020-09-30,14.0,ordonnances dans l'année
Lutter contre les violences faites aux femmes,Nombre d’ordonnances de protection délivrées,nb-ordonnances-delivrees,21,Côte-d'Or,2020-12-31,21.0,ordonnances dans l'année
Lutter contre les violences faites aux femmes,Nombre d’ordonnances de protection délivrées,nb-ordonnances-delivrees,21,Côte-d'Or,2021-03-31,3.0,ordonnances dans l'année
Lutter contre les violences faites aux femmes,Nombre d’ordonnances de protection délivrées,nb-ordonnances-delivrees,21,Côte-d'Or,2021-06-30,9.0,ordonnances dans l'année
Lutter contre les violences faites aux femmes,Nombre d’ordonnances de protection délivrées,nb-ordonnances-delivrees,21,Côte-d'Or,2021-09-30,16.0,ordonnances dans l'année
Lutter contre les violences faites aux femmes,Nombre d’ordonnances de protection délivrées,nb-ordonnances-delivrees,21,Côte-d'Or,2021-12-31,21.0,ordonnances dans l'année
Lutter contre les violences faites aux femmes,Nombre d’ordonnances de protection délivrées,nb-ordonnances-delivrees,21,Côte-d'Or,2022-03-31,7.0,ordonnances dans l'année
Lutter contre les violences faites aux femmes,Nombre d’ordonnances de protection délivrées,nb-ordonnances-delivrees,21,Côte-d'Or,2022-06-30,17.0,ordonnances dans l'année
Redynamiser les cœurs de ville,Nombre de logements ayant bénéficié d'un accompagnement (réhabilitation ou subvention),nb-logement-accompagnement,21,Côte-d'Or,2022-03-31,0.0,logements
Redynamiser les cœurs de ville,Nombre de logements rénovés dans les villes moyennes (+ de 20 000 habitants),nb-logement-accompagnement,21,Côte-d'Or,2022-03-31,0.0,logements rénovés
Redynamiser les cœurs de ville,Nombre de logements ayant bénéficié d'un accompagnement (réhabilitation ou subvention),nb-logement-accompagnement,21,Côte-d'Or,2022-06-30,125.0,logements
Redynamiser les cœurs de ville,Nombre de logements rénovés dans les villes moyennes (+ de 20 000 habitants),nb-logement-accompagnement,21,Côte-d'Or,2022-06-30,125.0,logements rénovés
Redynamiser les cœurs de ville,Nombre de logements ayant bénéficié d'un accompagnement (réhabilitation ou subvention),nb-logement-accompagnement,21,Côte-d'Or,2022-09-30,139.0,logements
Redynamiser les cœurs de ville,Nombre de logements rénovés dans les villes moyennes (+ de 20 000 habitants),nb-logement-accompagnement,21,Côte-d'Or,2022-09-30,139.0,logements rénovés
Redynamiser les cœurs de ville,Nombre de logements rénovés dans les petites villes (- de 20 000 habitants),nb-logements-renoves-petites-villes,21,Côte-d'Or,2020-10-31,12.0,logements rénovés
Redynamiser les cœurs de ville,Nombre de logements rénovés dans les petites villes (- de 20 000 habitants),nb-logements-renoves-petites-villes,21,Côte-d'Or,2020-11-30,16.0,logements rénovés
Redynamiser les cœurs de ville,Nombre de logements rénovés dans les petites villes (- de 20 000 habitants),nb-logements-renoves-petites-villes,21,Côte-d'Or,2020-12-31,20.0,logements rénovés
Redynamiser les cœurs de ville,Nombre de logements rénovés dans les petites villes (- de 20 000 habitants),nb-logements-renoves-petites-villes,21,Côte-d'Or,2021-01-31,20.0,logements rénovés
Redynamiser les cœurs de ville,Nombre de logements rénovés dans les petites villes (- de 20 000 habitants),nb-logements-renoves-petites-villes,21,Côte-d'Or,2021-02-28,20.0,logements rénovés
Redynamiser les cœurs de ville,Nombre de logements rénovés dans les petites villes (- de 20 000 habitants),nb-logements-renoves-petites-villes,21,Côte-d'Or,2021-03-31,39.0,logements rénovés
Redynamiser les cœurs de ville,Nombre de logements rénovés dans les petites villes (- de 20 000 habitants),nb-logements-renoves-petites-villes,21,Côte-d'Or,2021-04-30,39.0,logements rénovés
Redynamiser les cœurs de ville,Nombre de logements rénovés dans les petites villes (- de 20 000 habitants),nb-logements-renoves-petites-villes,21,Côte-d'Or,2021-05-31,39.0,logements rénovés
Redynamiser les cœurs de ville,Nombre de logements rénovés dans les petites villes (- de 20 000 habitants),nb-logements-renoves-petites-villes,21,Côte-d'Or,2021-06-30,59.0,logements rénovés
Redynamiser les cœurs de ville,Nombre de logements rénovés dans les petites villes (- de 20 000 habitants),nb-logements-renoves-petites-villes,21,Côte-d'Or,2021-07-31,66.0,logements rénovés
Redynamiser les cœurs de ville,Nombre de logements rénovés dans les petites villes (- de 20 000 habitants),nb-logements-renoves-petites-villes,21,Côte-d'Or,2021-08-31,66.0,logements rénovés
Redynamiser les cœurs de ville,Nombre de logements rénovés dans les petites villes (- de 20 000 habitants),nb-logements-renoves-petites-villes,21,Côte-d'Or,2021-09-30,77.0,logements rénovés
Redynamiser les cœurs de ville,Nombre de logements rénovés dans les petites villes (- de 20 000 habitants),nb-logements-renoves-petites-villes,21,Côte-d'Or,2021-10-31,77.0,logements rénovés
Redynamiser les cœurs de ville,Nombre de logements rénovés dans les petites villes (- de 20 000 habitants),nb-logements-renoves-petites-villes,21,Côte-d'Or,2021-11-30,90.0,logements rénovés
Redynamiser les cœurs de ville,Nombre de logements rénovés dans les petites villes (- de 20 000 habitants),nb-logements-renoves-petites-villes,21,Côte-d'Or,2021-12-31,90.0,logements rénovés
Redynamiser les cœurs de ville,Nombre de logements rénovés dans les petites villes (- de 20 000 habitants),nb-logements-renoves-petites-villes,21,Côte-d'Or,2022-01-31,90.0,logements rénovés
Redynamiser les cœurs de ville,Nombre de logements rénovés dans les petites villes (- de 20 000 habitants),nb-logements-renoves-petites-villes,21,Côte-d'Or,2022-02-28,90.0,logements rénovés
Redynamiser les cœurs de ville,Nombre de logements rénovés dans les petites villes (- de 20 000 habitants),nb-logements-renoves-petites-villes,21,Côte-d'Or,2022-03-31,90.0,logements rénovés
Redynamiser les cœurs de ville,Nombre de logements rénovés dans les petites villes (- de 20 000 habitants),nb-logements-renoves-petites-villes,21,Côte-d'Or,2022-06-30,104.0,logements rénovés
Déployer une offre France services dans tous les territoires ,Nombre de labellisations (atteinte de l'objectif fixé),nb-labellisations-france-services,21,Côte-d'Or,2020-01-31,5.0,labellisations
Déployer une offre France services dans tous les territoires ,Nombre de labellisations (atteinte de l'objectif fixé),nb-labellisations-france-services,21,Côte-d'Or,2020-02-29,5.0,labellisations
Déployer une offre France services dans tous les territoires ,Nombre de labellisations (atteinte de l'objectif fixé),nb-labellisations-france-services,21,Côte-d'Or,2020-03-31,5.0,labellisations
Déployer une offre France services dans tous les territoires ,Nombre de labellisations (atteinte de l'objectif fixé),nb-labellisations-france-services,21,Côte-d'Or,2020-04-30,5.0,labellisations
Déployer une offre France services dans tous les territoires ,Nombre de labellisations (atteinte de l'objectif fixé),nb-labellisations-france-services,21,Côte-d'Or,2020-05-31,5.0,labellisations
Déployer une offre France services dans tous les territoires ,Nombre de labellisations (atteinte de l'objectif fixé),nb-labellisations-france-services,21,Côte-d'Or,2020-06-30,5.0,labellisations
Déployer une offre France services dans tous les territoires ,Nombre de labellisations (atteinte de l'objectif fixé),nb-labellisations-france-services,21,Côte-d'Or,2020-07-31,5.0,labellisations
Déployer une offre France services dans tous les territoires ,Nombre de labellisations (atteinte de l'objectif fixé),nb-labellisations-france-services,21,Côte-d'Or,2020-08-31,5.0,labellisations
Déployer une offre France services dans tous les territoires ,Nombre de labellisations (atteinte de l'objectif fixé),nb-labellisations-france-services,21,Côte-d'Or,2020-09-30,6.0,labellisations
Déployer une offre France services dans tous les territoires ,Nombre de labellisations (atteinte de l'objectif fixé),nb-labellisations-france-services,21,Côte-d'Or,2020-10-31,6.0,labellisations
Déployer une offre France services dans tous les territoires ,Nombre de labellisations (atteinte de l'objectif fixé),nb-labellisations-france-services,21,Côte-d'Or,2020-11-30,6.0,labellisations
Déployer une offre France services dans tous les territoires ,Nombre de labellisations (atteinte de l'objectif fixé),nb-labellisations-france-services,21,Côte-d'Or,2020-12-31,10.0,labellisations
Déployer une offre France services dans tous les territoires ,Nombre de labellisations (atteinte de l'objectif fixé),nb-labellisations-france-services,21,Côte-d'Or,2021-01-31,10.0,labellisations
Déployer une offre France services dans tous les territoires ,Nombre de labellisations (atteinte de l'objectif fixé),nb-labellisations-france-services,21,Côte-d'Or,2021-02-28,10.0,labellisations
Déployer une offre France services dans tous les territoires ,Nombre de labellisations (atteinte de l'objectif fixé),nb-labellisations-france-services,21,Côte-d'Or,2021-03-31,12.0,labellisations
Déployer une offre France services dans tous les territoires ,Nombre de labellisations (atteinte de l'objectif fixé),nb-labellisations-france-services,21,Côte-d'Or,2021-04-30,12.0,labellisations
Déployer une offre France services dans tous les territoires ,Nombre de labellisations (atteinte de l'objectif fixé),nb-labellisations-france-services,21,Côte-d'Or,2021-05-31,12.0,labellisations
Déployer une offre France services dans tous les territoires ,Nombre de labellisations (atteinte de l'objectif fixé),nb-labellisations-france-services,21,Côte-d'Or,2021-06-30,12.0,labellisations
Déployer une offre France services dans tous les territoires ,Nombre de labellisations (atteinte de l'objectif fixé),nb-labellisations-france-services,21,Côte-d'Or,2021-07-31,12.0,labellisations
Déployer une offre France services dans tous les territoires ,Nombre de labellisations (atteinte de l'objectif fixé),nb-labellisations-france-services,21,Côte-d'Or,2021-08-31,12.0,labellisations
Déployer une offre France services dans tous les territoires ,Nombre de labellisations (atteinte de l'objectif fixé),nb-labellisations-france-services,21,Côte-d'Or,2021-09-30,12.0,labellisations
Déployer une offre France services dans tous les territoires ,Nombre de labellisations (atteinte de l'objectif fixé),nb-labellisations-france-services,21,Côte-d'Or,2021-10-31,14.0,labellisations
Déployer une offre France services dans tous les territoires ,Nombre de labellisations (atteinte de l'objectif fixé),nb-labellisations-france-services,21,Côte-d'Or,2021-11-30,14.0,labellisations
Déployer une offre France services dans tous les territoires ,Nombre de labellisations (atteinte de l'objectif fixé),nb-labellisations-france-services,21,Côte-d'Or,2021-12-31,14.0,labellisations
Déployer une offre France services dans tous les territoires ,Nombre de labellisations (atteinte de l'objectif fixé),nb-labellisations-france-services,21,Côte-d'Or,2022-01-31,21.0,labellisations
Déployer une offre France services dans tous les territoires ,Nombre de labellisations (atteinte de l'objectif fixé),nb-labellisations-france-services,21,Côte-d'Or,2022-02-28,21.0,labellisations
Déployer une offre France services dans tous les territoires ,Nombre de labellisations (atteinte de l'objectif fixé),nb-labellisations-france-services,21,Côte-d'Or,2022-03-31,21.0,labellisations
Déployer une offre France services dans tous les territoires ,Nombre de labellisations (atteinte de l'objectif fixé),nb-labellisations-france-services,21,Côte-d'Or,2022-04-30,21.0,labellisations
Déployer une offre France services dans tous les territoires ,Nombre de labellisations (atteinte de l'objectif fixé),nb-labellisations-france-services,21,Côte-d'Or,2022-05-31,21.0,labellisations
Déployer une offre France services dans tous les territoires ,Nombre de labellisations (atteinte de l'objectif fixé),nb-labellisations-france-services,21,Côte-d'Or,2022-06-30,21.0,labellisations
Déployer une offre France services dans tous les territoires ,Nombre de labellisations (atteinte de l'objectif fixé),nb-labellisations-france-services,21,Côte-d'Or,2022-07-31,21.0,labellisations
Déployer une offre France services dans tous les territoires ,Nombre de labellisations (atteinte de l'objectif fixé),nb-labellisations-france-services,21,Côte-d'Or,2022-08-31,21.0,labellisations
Déployer une offre France services dans tous les territoires ,Nombre de labellisations (atteinte de l'objectif fixé),nb-labellisations-france-services,21,Côte-d'Or,2022-09-30,21.0,labellisations
Déployer une offre France services dans tous les territoires ,Nombre de labellisations (atteinte de l'objectif fixé),nb-labellisations-france-services,21,Côte-d'Or,2022-10-31,24.0,labellisations
Déployer une offre France services dans tous les territoires ,Nombre de labellisations (atteinte de l'objectif fixé),nb-labellisations-france-services,21,Côte-d'Or,2022-11-30,24.0,labellisations
Déployer une offre France services dans tous les territoires ,Nombre de labellisations (atteinte de l'objectif fixé),nb-labellisations-france-services,21,Côte-d'Or,2022-12-31,24.0,labellisations
Verdir le parc automobile,Nombre de bornes de recharge pour véhicules électriques déployées,nb-points-recharge,21,Côte-d'Or,2019-09-30,149.0,bornes de recharge
Verdir le parc automobile,Nombre de bornes de recharge pour véhicules électriques déployées,nb-points-recharge,21,Côte-d'Or,2019-12-31,176.0,bornes de recharge
Verdir le parc automobile,Nombre de bornes de recharge pour véhicules électriques déployées,nb-points-recharge,21,Côte-d'Or,2020-03-31,202.0,bornes de recharge
Verdir le parc automobile,Nombre de bornes de recharge pour véhicules électriques déployées,nb-points-recharge,21,Côte-d'Or,2020-06-30,203.0,bornes de recharge
Verdir le parc automobile,Nombre de bornes de recharge pour véhicules électriques déployées,nb-points-recharge,21,Côte-d'Or,2020-09-30,209.0,bornes de recharge
Verdir le parc automobile,Nombre de bornes de recharge pour véhicules électriques déployées,nb-points-recharge,21,Côte-d'Or,2020-11-30,218.0,bornes de recharge
Verdir le parc automobile,Nombre de bornes de recharge pour véhicules électriques déployées,nb-points-recharge,21,Côte-d'Or,2020-12-31,231.0,bornes de recharge
Verdir le parc automobile,Nombre de bornes de recharge pour véhicules électriques déployées,nb-points-recharge,21,Côte-d'Or,2021-03-31,367.0,bornes de recharge
Verdir le parc automobile,Nombre de bornes de recharge pour véhicules électriques déployées,nb-points-recharge,21,Côte-d'Or,2021-06-30,384.0,bornes de recharge
Verdir le parc automobile,Nombre de bornes de recharge pour véhicules électriques déployées,nb-points-recharge,21,Côte-d'Or,2021-07-31,326.0,bornes de recharge
Verdir le parc automobile,Nombre de bornes de recharge pour véhicules électriques déployées,nb-points-recharge,21,Côte-d'Or,2021-10-31,350.0,bornes de recharge
Verdir le parc automobile,Nombre de bornes de recharge pour véhicules électriques déployées,nb-points-recharge,21,Côte-d'Or,2021-11-30,392.0,bornes de recharge
Verdir le parc automobile,Nombre de bornes de recharge pour véhicules électriques déployées,nb-points-recharge,21,Côte-d'Or,2021-12-31,405.0,bornes de recharge
Verdir le parc automobile,Nombre de bornes de recharge pour véhicules électriques déployées,nb-points-recharge,21,Côte-d'Or,2022-01-31,432.0,bornes de recharge
Verdir le parc automobile,Nombre de bornes de recharge pour véhicules électriques déployées,nb-points-recharge,21,Côte-d'Or,2022-02-28,465.0,bornes de recharge
Verdir le parc automobile,Nombre de bornes de recharge pour véhicules électriques déployées,nb-points-recharge,21,Côte-d'Or,2022-03-31,474.0,bornes de recharge
Verdir le parc automobile,Nombre de bornes de recharge pour véhicules électriques déployées,nb-points-recharge,21,Côte-d'Or,2022-04-30,511.0,bornes de recharge
Verdir le parc automobile,Nombre de bornes de recharge pour véhicules électriques déployées,nb-points-recharge,21,Côte-d'Or,2022-05-31,547.0,bornes de recharge
Verdir le parc automobile,Nombre de bornes de recharge pour véhicules électriques déployées,nb-points-recharge,21,Côte-d'Or,2022-06-30,560.0,bornes de recharge
Verdir le parc automobile,Nombre de bornes de recharge pour véhicules électriques déployées,nb-points-recharge,21,Côte-d'Or,2022-07-31,576.0,bornes de recharge
Verdir le parc automobile,Nombre de bornes de recharge pour véhicules électriques déployées,nb-points-recharge,21,Côte-d'Or,2022-08-31,584.0,bornes de recharge
Verdir le parc automobile,Nombre de bornes de recharge pour véhicules électriques déployées,nb-points-recharge,21,Côte-d'Or,2022-09-30,617.0,bornes de recharge
Verdir le parc automobile,Nombre de bornes de recharge pour véhicules électriques déployées,nb-points-recharge,21,Côte-d'Or,2022-10-31,625.0,bornes de recharge
Verdir le parc automobile,Nombre de bornes de recharge pour véhicules électriques déployées,nb-points-recharge,21,Côte-d'Or,2022-11-30,652.0,bornes de recharge
Verdir le parc automobile,Nombre de bornes de recharge pour véhicules électriques déployées,nb-points-recharge,21,Côte-d'Or,2022-12-31,651.0,bornes de recharge
Verdir le parc automobile,Nombre de primes à la conversion et de bonus écologiques,nb-primes-conversion,21,Côte-d'Or,2018-01-31,0.0,primes et bonus
Verdir le parc automobile,Nombre de primes à la conversion et de bonus écologiques,nb-primes-conversion,21,Côte-d'Or,2018-03-31,115.0,primes et bonus
Verdir le parc automobile,Nombre de primes à la conversion et de bonus écologiques,nb-primes-conversion,21,Côte-d'Or,2018-06-30,685.0,primes et bonus
Verdir le parc automobile,Nombre de primes à la conversion et de bonus écologiques,nb-primes-conversion,21,Côte-d'Or,2018-09-30,1294.0,primes et bonus
Verdir le parc automobile,Nombre de primes à la conversion et de bonus écologiques,nb-primes-conversion,21,Côte-d'Or,2018-12-31,2170.0,primes et bonus
Verdir le parc automobile,Nombre de primes à la conversion et de bonus écologiques,nb-primes-conversion,21,Côte-d'Or,2019-03-31,2980.0,primes et bonus
Verdir le parc automobile,Nombre de primes à la conversion et de bonus écologiques,nb-primes-conversion,21,Côte-d'Or,2019-06-30,3881.0,primes et bonus
Verdir le parc automobile,Nombre de primes à la conversion et de bonus écologiques,nb-primes-conversion,21,Côte-d'Or,2019-09-30,4889.0,primes et bonus
Verdir le parc automobile,Nombre de primes à la conversion et de bonus écologiques,nb-primes-conversion,21,Côte-d'Or,2019-12-31,5391.0,primes et bonus
Verdir le parc automobile,Nombre de primes à la conversion et de bonus écologiques,nb-primes-conversion,21,Côte-d'Or,2020-03-31,5612.0,primes et bonus
Verdir le parc automobile,Nombre de primes à la conversion et de bonus écologiques,nb-primes-conversion,21,Côte-d'Or,2020-06-30,5766.0,primes et bonus
Verdir le parc automobile,Nombre de primes à la conversion et de bonus écologiques,nb-primes-conversion,21,Côte-d'Or,2020-09-30,6891.0,primes et bonus
Verdir le parc automobile,Nombre de primes à la conversion et de bonus écologiques,nb-primes-conversion,21,Côte-d'Or,2020-12-31,7528.0,primes et bonus
Verdir le parc automobile,Nombre de primes à la conversion et de bonus écologiques,nb-primes-conversion,21,Côte-d'Or,2021-03-31,8130.0,primes et bonus
Verdir le parc automobile,Nombre de primes à la conversion et de bonus écologiques,nb-primes-conversion,21,Côte-d'Or,2021-04-30,8359.0,primes et bonus
Verdir le parc automobile,Nombre de primes à la conversion et de bonus écologiques,nb-primes-conversion,21,Côte-d'Or,2021-05-31,8549.0,primes et bonus
Verdir le parc automobile,Nombre de primes à la conversion et de bonus écologiques,nb-primes-conversion,21,Côte-d'Or,2021-06-30,8803.0,primes et bonus
Verdir le parc automobile,Nombre de primes à la conversion et de bonus écologiques,nb-primes-conversion,21,Côte-d'Or,2021-07-31,9023.0,primes et bonus
Verdir le parc automobile,Nombre de primes à la conversion et de bonus écologiques,nb-primes-conversion,21,Côte-d'Or,2021-08-31,9212.0,primes et bonus
Verdir le parc automobile,Nombre de primes à la conversion et de bonus écologiques,nb-primes-conversion,21,Côte-d'Or,2021-09-30,9399.0,primes et bonus
Verdir le parc automobile,Nombre de primes à la conversion et de bonus écologiques,nb-primes-conversion,21,Côte-d'Or,2021-10-31,9668.0,primes et bonus
Verdir le parc automobile,Nombre de primes à la conversion et de bonus écologiques,nb-primes-conversion,21,Côte-d'Or,2021-11-30,9927.0,primes et bonus
Verdir le parc automobile,Nombre de primes à la conversion et de bonus écologiques,nb-primes-conversion,21,Côte-d'Or,2021-12-31,10176.0,primes et bonus
Verdir le parc automobile,Nombre de primes à la conversion et de bonus écologiques,nb-primes-conversion,21,Côte-d'Or,2022-01-31,10402.0,primes et bonus
Verdir le parc automobile,Nombre de primes à la conversion et de bonus écologiques,nb-primes-conversion,21,Côte-d'Or,2022-02-28,10599.0,primes et bonus
Verdir le parc automobile,Nombre de primes à la conversion et de bonus écologiques,nb-primes-conversion,21,Côte-d'Or,2022-03-31,10827.0,primes et bonus
Verdir le parc automobile,Nombre de primes à la conversion et de bonus écologiques,nb-primes-conversion,21,Côte-d'Or,2022-04-30,11105.0,primes et bonus
Verdir le parc automobile,Nombre de primes à la conversion et de bonus écologiques,nb-primes-conversion,21,Côte-d'Or,2022-05-31,11286.0,primes et bonus
Verdir le parc automobile,Nombre de primes à la conversion et de bonus écologiques,nb-primes-conversion,21,Côte-d'Or,2022-06-30,11531.0,primes et bonus
Verdir le parc automobile,Nombre de primes à la conversion et de bonus écologiques,nb-primes-conversion,21,Côte-d'Or,2022-07-31,11649.0,primes et bonus
Verdir le parc automobile,Nombre de primes à la conversion et de bonus écologiques,nb-primes-conversion,21,Côte-d'Or,2022-08-31,11869.0,primes et bonus
Verdir le parc automobile,Nombre de primes à la conversion et de bonus écologiques,nb-primes-conversion,21,Côte-d'Or,2022-09-30,12141.0,primes et bonus
Verdir le parc automobile,Nombre de primes à la conversion et de bonus écologiques,nb-primes-conversion,21,Côte-d'Or,2022-10-31,12391.0,primes et bonus
Verdir le parc automobile,Nombre de primes à la conversion et de bonus écologiques,nb-primes-conversion,21,Côte-d'Or,2022-11-30,12626.0,primes et bonus
Verdir le parc automobile,Nombre de primes à la conversion et de bonus écologiques,nb-primes-conversion,21,Côte-d'Or,2022-12-31,12842.0,primes et bonus
Assurer une bonne couverture en internet fixe et en téléphonie mobile pour tous les Français d'ici 2022,Taux de déploiement de la fibre,taux-deploiement-fibre,21,Côte-d'Or,2017-12-31,26.0,% de déploiement
Assurer une bonne couverture en internet fixe et en téléphonie mobile pour tous les Français d'ici 2022,Taux de déploiement de la fibre,taux-deploiement-fibre,21,Côte-d'Or,2018-03-31,28.0,% de déploiement
Assurer une bonne couverture en internet fixe et en téléphonie mobile pour tous les Français d'ici 2022,Taux de déploiement de la fibre,taux-deploiement-fibre,21,Côte-d'Or,2018-06-30,30.0,% de déploiement
Assurer une bonne couverture en internet fixe et en téléphonie mobile pour tous les Français d'ici 2022,Taux de déploiement de la fibre,taux-deploiement-fibre,21,Côte-d'Or,2018-09-30,32.0,% de déploiement
Assurer une bonne couverture en internet fixe et en téléphonie mobile pour tous les Français d'ici 2022,Taux de déploiement de la fibre,taux-deploiement-fibre,21,Côte-d'Or,2018-12-31,34.0,% de déploiement
Assurer une bonne couverture en internet fixe et en téléphonie mobile pour tous les Français d'ici 2022,Taux de déploiement de la fibre,taux-deploiement-fibre,21,Côte-d'Or,2019-03-31,37.0,% de déploiement
Assurer une bonne couverture en internet fixe et en téléphonie mobile pour tous les Français d'ici 2022,Taux de déploiement de la fibre,taux-deploiement-fibre,21,Côte-d'Or,2019-06-30,39.0,% de déploiement
Assurer une bonne couverture en internet fixe et en téléphonie mobile pour tous les Français d'ici 2022,Taux de déploiement de la fibre,taux-deploiement-fibre,21,Côte-d'Or,2019-09-30,41.0,% de déploiement
Assurer une bonne couverture en internet fixe et en téléphonie mobile pour tous les Français d'ici 2022,Taux de déploiement de la fibre,taux-deploiement-fibre,21,Côte-d'Or,2019-12-31,40.0,% de déploiement
Assurer une bonne couverture en internet fixe et en téléphonie mobile pour tous les Français d'ici 2022,Taux de déploiement de la fibre,taux-deploiement-fibre,21,Côte-d'Or,2020-03-31,43.0,% de déploiement
Assurer une bonne couverture en internet fixe et en téléphonie mobile pour tous les Français d'ici 2022,Taux de déploiement de la fibre,taux-deploiement-fibre,21,Côte-d'Or,2020-06-30,45.0,% de déploiement
Assurer une bonne couverture en internet fixe et en téléphonie mobile pour tous les Français d'ici 2022,Taux de déploiement de la fibre,taux-deploiement-fibre,21,Côte-d'Or,2020-09-30,48.0,% de déploiement
Assurer une bonne couverture en internet fixe et en téléphonie mobile pour tous les Français d'ici 2022,Taux de déploiement de la fibre,taux-deploiement-fibre,21,Côte-d'Or,2020-12-31,52.0,% de déploiement
Assurer une bonne couverture en internet fixe et en téléphonie mobile pour tous les Français d'ici 2022,Taux de déploiement de la fibre,taux-deploiement-fibre,21,Côte-d'Or,2021-03-31,55.0,% de déploiement
Assurer une bonne couverture en internet fixe et en téléphonie mobile pour tous les Français d'ici 2022,Taux de déploiement de la fibre,taux-deploiement-fibre,21,Côte-d'Or,2021-06-30,56.0,% de déploiement
Assurer une bonne couverture en internet fixe et en téléphonie mobile pour tous les Français d'ici 2022,Taux de déploiement de la fibre,taux-deploiement-fibre,21,Côte-d'Or,2021-09-30,58.0,% de déploiement
Assurer une bonne couverture en internet fixe et en téléphonie mobile pour tous les Français d'ici 2022,Taux de déploiement de la fibre,taux-deploiement-fibre,21,Côte-d'Or,2021-12-31,61.0,% de déploiement
Assurer une bonne couverture en internet fixe et en téléphonie mobile pour tous les Français d'ici 2022,Taux de déploiement de la fibre,taux-deploiement-fibre,21,Côte-d'Or,2022-03-31,65.0,% de déploiement
Assurer une bonne couverture en internet fixe et en téléphonie mobile pour tous les Français d'ici 2022,Taux de déploiement de la fibre,taux-deploiement-fibre,21,Côte-d'Or,2022-06-30,68.0,% de déploiement
Assurer une bonne couverture en internet fixe et en téléphonie mobile pour tous les Français d'ici 2022,Taux de déploiement de la fibre,taux-deploiement-fibre,21,Côte-d'Or,2022-09-30,70.0,% de déploiement
Allonger le congé paternité pour un meilleur développement de l’enfant,Nombre de pères / conjoints prenant un congé de paternité,nb-peres-conge-paternite,21,Côte-d'Or,2018-03-31,620.0,pères / conjoints dans l'année
Allonger le congé paternité pour un meilleur développement de l’enfant,Nombre de pères / conjoints prenant un congé de paternité,nb-peres-conge-paternite,21,Côte-d'Or,2018-06-30,556.0,pères / conjoints dans l'année
Allonger le congé paternité pour un meilleur développement de l’enfant,Nombre de pères / conjoints prenant un congé de paternité,nb-peres-conge-paternite,21,Côte-d'Or,2018-09-30,653.0,pères / conjoints dans l'année
Allonger le congé paternité pour un meilleur développement de l’enfant,Nombre de pères / conjoints prenant un congé de paternité,nb-peres-conge-paternite,21,Côte-d'Or,2018-12-31,608.0,pères / conjoints dans l'année
Allonger le congé paternité pour un meilleur développement de l’enfant,Nombre de pères / conjoints prenant un congé de paternité,nb-peres-conge-paternite,21,Côte-d'Or,2019-03-31,584.0,pères / conjoints dans l'année
Allonger le congé paternité pour un meilleur développement de l’enfant,Nombre de pères / conjoints prenant un congé de paternité,nb-peres-conge-paternite,21,Côte-d'Or,2019-06-30,541.0,pères / conjoints dans l'année
Allonger le congé paternité pour un meilleur développement de l’enfant,Nombre de pères / conjoints prenant un congé de paternité,nb-peres-conge-paternite,21,Côte-d'Or,2019-09-30,603.0,pères / conjoints dans l'année
Allonger le congé paternité pour un meilleur développement de l’enfant,Nombre de pères / conjoints prenant un congé de paternité,nb-peres-conge-paternite,21,Côte-d'Or,2019-12-31,575.0,pères / conjoints dans l'année
Allonger le congé paternité pour un meilleur développement de l’enfant,Nombre de pères / conjoints prenant un congé de paternité,nb-peres-conge-paternite,21,Côte-d'Or,2020-03-31,673.0,pères / conjoints dans l'année
Allonger le congé paternité pour un meilleur développement de l’enfant,Nombre de pères / conjoints prenant un congé de paternité,nb-peres-conge-paternite,21,Côte-d'Or,2020-06-30,495.0,pères / conjoints dans l'année
Allonger le congé paternité pour un meilleur développement de l’enfant,Nombre de pères / conjoints prenant un congé de paternité,nb-peres-conge-paternite,21,Côte-d'Or,2020-09-30,702.0,pères / conjoints dans l'année
Allonger le congé paternité pour un meilleur développement de l’enfant,Nombre de pères / conjoints prenant un congé de paternité,nb-peres-conge-paternite,21,Côte-d'Or,2020-12-31,598.0,pères / conjoints dans l'année
Allonger le congé paternité pour un meilleur développement de l’enfant,Nombre de pères / conjoints prenant un congé de paternité,nb-peres-conge-paternite,21,Côte-d'Or,2021-03-31,570.0,pères / conjoints dans l'année
Allonger le congé paternité pour un meilleur développement de l’enfant,Nombre de pères / conjoints prenant un congé de paternité,nb-peres-conge-paternite,21,Côte-d'Or,2021-06-30,549.0,pères / conjoints dans l'année
Allonger le congé paternité pour un meilleur développement de l’enfant,Nombre de pères / conjoints prenant un congé de paternité,nb-peres-conge-paternite,21,Côte-d'Or,2021-09-30,803.0,pères / conjoints dans l'année
Allonger le congé paternité pour un meilleur développement de l’enfant,Nombre de pères / conjoints prenant un congé de paternité,nb-peres-conge-paternite,21,Côte-d'Or,2021-12-31,663.0,pères / conjoints dans l'année
Allonger le congé paternité pour un meilleur développement de l’enfant,Nombre de pères / conjoints prenant un congé de paternité,nb-peres-conge-paternite,21,Côte-d'Or,2022-03-31,592.0,pères / conjoints dans l'année
Allonger le congé paternité pour un meilleur développement de l’enfant,Nombre de pères / conjoints prenant un congé de paternité,nb-peres-conge-paternite,21,Côte-d'Or,2022-06-30,622.0,pères / conjoints dans l'année
Allonger le congé paternité pour un meilleur développement de l’enfant,Nombre de pères / conjoints prenant un congé de paternité,nb-peres-conge-paternite,21,Côte-d'Or,2022-09-30,578.0,pères / conjoints dans l'année
Lutter contre les impayés de pensions alimentaires,Nombre de familles bénéficiaires d'une pension alimentaire versée par l'intermédiaire du service public des pensions alimentaires,nb-familles-aripa,21,Côte-d'Or,2020-12-31,11.0,familles
Lutter contre les impayés de pensions alimentaires,Nombre de familles bénéficiaires d'une pension alimentaire versée par l'intermédiaire du service public des pensions alimentaires,nb-familles-aripa,21,Côte-d'Or,2021-01-31,17.0,familles
Lutter contre les impayés de pensions alimentaires,Nombre de familles bénéficiaires d'une pension alimentaire versée par l'intermédiaire du service public des pensions alimentaires,nb-familles-aripa,21,Côte-d'Or,2021-02-28,30.0,familles
Lutter contre les impayés de pensions alimentaires,Nombre de familles bénéficiaires d'une pension alimentaire versée par l'intermédiaire du service public des pensions alimentaires,nb-familles-aripa,21,Côte-d'Or,2021-03-31,55.0,familles
Lutter contre les impayés de pensions alimentaires,Nombre de familles bénéficiaires d'une pension alimentaire versée par l'intermédiaire du service public des pensions alimentaires,nb-familles-aripa,21,Côte-d'Or,2021-04-30,77.0,familles
Lutter contre les impayés de pensions alimentaires,Nombre de familles bénéficiaires d'une pension alimentaire versée par l'intermédiaire du service public des pensions alimentaires,nb-familles-aripa,21,Côte-d'Or,2021-05-31,98.0,familles
Lutter contre les impayés de pensions alimentaires,Nombre de familles bénéficiaires d'une pension alimentaire versée par l'intermédiaire du service public des pensions alimentaires,nb-familles-aripa,21,Côte-d'Or,2021-06-30,127.0,familles
Lutter contre les impayés de pensions alimentaires,Nombre de familles bénéficiaires d'une pension alimentaire versée par l'intermédiaire du service public des pensions alimentaires,nb-familles-aripa,21,Côte-d'Or,2021-07-31,240.0,familles
Lutter contre les impayés de pensions alimentaires,Nombre de familles bénéficiaires d'une pension alimentaire versée par l'intermédiaire du service public des pensions alimentaires,nb-familles-aripa,21,Côte-d'Or,2021-08-31,255.0,familles
Lutter contre les impayés de pensions alimentaires,Nombre de familles bénéficiaires d'une pension alimentaire versée par l'intermédiaire du service public des pensions alimentaires,nb-familles-aripa,21,Côte-d'Or,2021-09-30,314.0,familles
Lutter contre les impayés de pensions alimentaires,Nombre de familles bénéficiaires d'une pension alimentaire versée par l'intermédiaire du service public des pensions alimentaires,nb-familles-aripa,21,Côte-d'Or,2021-10-31,333.0,familles
Lutter contre les impayés de pensions alimentaires,Nombre de familles bénéficiaires d'une pension alimentaire versée par l'intermédiaire du service public des pensions alimentaires,nb-familles-aripa,21,Côte-d'Or,2021-11-30,356.0,familles
Lutter contre les impayés de pensions alimentaires,Nombre de familles bénéficiaires d'une pension alimentaire versée par l'intermédiaire du service public des pensions alimentaires,nb-familles-aripa,21,Côte-d'Or,2021-12-31,413.0,familles
Lutter contre les impayés de pensions alimentaires,Nombre de familles bénéficiaires d'une pension alimentaire versée par l'intermédiaire du service public des pensions alimentaires,nb-familles-aripa,21,Côte-d'Or,2022-01-31,444.0,familles
Lutter contre les impayés de pensions alimentaires,Nombre de familles bénéficiaires d'une pension alimentaire versée par l'intermédiaire du service public des pensions alimentaires,nb-familles-aripa,21,Côte-d'Or,2022-02-28,487.0,familles
Lutter contre les impayés de pensions alimentaires,Nombre de familles bénéficiaires d'une pension alimentaire versée par l'intermédiaire du service public des pensions alimentaires,nb-familles-aripa,21,Côte-d'Or,2022-03-31,510.0,familles
Lutter contre les impayés de pensions alimentaires,Nombre de familles bénéficiaires d'une pension alimentaire versée par l'intermédiaire du service public des pensions alimentaires,nb-familles-aripa,21,Côte-d'Or,2022-04-30,567.0,familles
Lutter contre les impayés de pensions alimentaires,Nombre de familles bénéficiaires d'une pension alimentaire versée par l'intermédiaire du service public des pensions alimentaires,nb-familles-aripa,21,Côte-d'Or,2022-05-31,617.0,familles
Lutter contre les impayés de pensions alimentaires,Nombre de familles bénéficiaires d'une pension alimentaire versée par l'intermédiaire du service public des pensions alimentaires,nb-familles-aripa,21,Côte-d'Or,2022-07-31,732.0,familles
Lutter contre les impayés de pensions alimentaires,Nombre de familles bénéficiaires d'une pension alimentaire versée par l'intermédiaire du service public des pensions alimentaires,nb-familles-aripa,21,Côte-d'Or,2022-08-31,752.0,familles
Lutter contre les impayés de pensions alimentaires,Nombre de familles bénéficiaires d'une pension alimentaire versée par l'intermédiaire du service public des pensions alimentaires,nb-familles-aripa,21,Côte-d'Or,2022-09-30,770.0,familles
Lutter contre les impayés de pensions alimentaires,Nombre de familles bénéficiaires d'une pension alimentaire versée par l'intermédiaire du service public des pensions alimentaires,nb-familles-aripa,21,Côte-d'Or,2022-10-31,838.0,familles
Améliorer la qualité du service rendu à l’usager,Part des lieux d’accueil du public qui publient leurs résultats (national et local),tx-transparence-resultats,21,Côte-d'Or,2017-12-31,8.0,% de réseaux
Améliorer la qualité du service rendu à l’usager,Part des lieux d’accueil du public qui publient leurs résultats (national et local),tx-transparence-resultats,21,Côte-d'Or,2018-12-31,26.0,% de réseaux
Améliorer la qualité du service rendu à l’usager,Part des lieux d’accueil du public qui publient leurs résultats (national et local),tx-transparence-resultats,21,Côte-d'Or,2019-12-31,27.0,% de réseaux
Améliorer la qualité du service rendu à l’usager,Part des lieux d’accueil du public qui publient leurs résultats (national et local),tx-transparence-resultats,21,Côte-d'Or,2020-12-31,35.0,% de réseaux
Améliorer la qualité du service rendu à l’usager,Part des lieux d’accueil du public qui publient leurs résultats (national et local),tx-transparence-resultats,21,Côte-d'Or,2021-12-31,50.0,% de réseaux
Améliorer la qualité du service rendu à l’usager,Part des lieux d’accueil du public qui publient leurs résultats (national et local),tx-transparence-resultats,21,Côte-d'Or,2022-12-31,83.0,% de réseaux
Sécuriser le paiement des aides PAC,Taux de bénéficiaires payés dans les délais prévus,taux-paiement-dpb,21,Côte-d'Or,2017-12-31,0.0,%
Sécuriser le paiement des aides PAC,Taux de bénéficiaires payés dans les délais prévus,taux-paiement-dpb,21,Côte-d'Or,2018-12-31,97.69,%
Sécuriser le paiement des aides PAC,Taux de bénéficiaires payés dans les délais prévus,taux-paiement-dpb,21,Côte-d'Or,2019-12-31,99.57,%
Sécuriser le paiement des aides PAC,Taux de bénéficiaires payés dans les délais prévus,taux-paiement-dpb,21,Côte-d'Or,2020-12-31,99.78,%
Sécuriser le paiement des aides PAC,Taux de bénéficiaires payés dans les délais prévus,taux-paiement-dpb,21,Côte-d'Or,2021-12-31,99.59,%
Sécuriser le paiement des aides PAC,Taux de bénéficiaires payés dans les délais prévus,taux-paiement-dpb,21,Côte-d'Or,2022-12-31,99.66,%
"Proposer une offre de lunettes, appareils auditifs et prothèses dentaires remboursée à 100%",Part des équipements vendus sans reste à charge dans le total des soins optiques,tx-equipements-optique,21,Côte-d'Or,2019-01-31,0.0,%
"Proposer une offre de lunettes, appareils auditifs et prothèses dentaires remboursée à 100%",Part des équipements vendus sans reste à charge dans le total des soins optiques,tx-equipements-optique,21,Côte-d'Or,2019-02-28,0.0,%
"Proposer une offre de lunettes, appareils auditifs et prothèses dentaires remboursée à 100%",Part des équipements vendus sans reste à charge dans le total des soins optiques,tx-equipements-optique,21,Côte-d'Or,2019-03-31,0.0,%
"Proposer une offre de lunettes, appareils auditifs et prothèses dentaires remboursée à 100%",Part des équipements vendus sans reste à charge dans le total des soins optiques,tx-equipements-optique,21,Côte-d'Or,2019-04-30,0.0,%
"Proposer une offre de lunettes, appareils auditifs et prothèses dentaires remboursée à 100%",Part des équipements vendus sans reste à charge dans le total des soins optiques,tx-equipements-optique,21,Côte-d'Or,2019-05-31,0.0,%
"Proposer une offre de lunettes, appareils auditifs et prothèses dentaires remboursée à 100%",Part des équipements vendus sans reste à charge dans le total des soins optiques,tx-equipements-optique,21,Côte-d'Or,2019-06-30,0.0,%
"Proposer une offre de lunettes, appareils auditifs et prothèses dentaires remboursée à 100%",Part des équipements vendus sans reste à charge dans le total des soins optiques,tx-equipements-optique,21,Côte-d'Or,2019-07-31,0.0,%
"Proposer une offre de lunettes, appareils auditifs et prothèses dentaires remboursée à 100%",Part des équipements vendus sans reste à charge dans le total des soins optiques,tx-equipements-optique,21,Côte-d'Or,2019-08-31,0.0,%
"Proposer une offre de lunettes, appareils auditifs et prothèses dentaires remboursée à 100%",Part des équipements vendus sans reste à charge dans le total des soins optiques,tx-equipements-optique,21,Côte-d'Or,2019-09-30,0.0,%
"Proposer une offre de lunettes, appareils auditifs et prothèses dentaires remboursée à 100%",Part des équipements vendus sans reste à charge dans le total des soins optiques,tx-equipements-optique,21,Côte-d'Or,2019-10-31,0.0,%
"Proposer une offre de lunettes, appareils auditifs et prothèses dentaires remboursée à 100%",Part des équipements vendus sans reste à charge dans le total des soins optiques,tx-equipements-optique,21,Côte-d'Or,2019-11-30,0.0,%
"Proposer une offre de lunettes, appareils auditifs et prothèses dentaires remboursée à 100%",Part des équipements vendus sans reste à charge dans le total des soins optiques,tx-equipements-optique,21,Côte-d'Or,2019-12-31,0.0,%
"Proposer une offre de lunettes, appareils auditifs et prothèses dentaires remboursée à 100%",Part des équipements vendus sans reste à charge dans le total des soins optiques,tx-equipements-optique,21,Côte-d'Or,2020-01-31,14.98,%
"Proposer une offre de lunettes, appareils auditifs et prothèses dentaires remboursée à 100%",Part des équipements vendus sans reste à charge dans le total des soins optiques,tx-equipements-optique,21,Côte-d'Or,2020-02-29,13.28,%
"Proposer une offre de lunettes, appareils auditifs et prothèses dentaires remboursée à 100%",Part des équipements vendus sans reste à charge dans le total des soins optiques,tx-equipements-optique,21,Côte-d'Or,2020-03-31,11.01,%
"Proposer une offre de lunettes, appareils auditifs et prothèses dentaires remboursée à 100%",Part des équipements vendus sans reste à charge dans le total des soins optiques,tx-equipements-optique,21,Côte-d'Or,2020-04-30,14.08,%
"Proposer une offre de lunettes, appareils auditifs et prothèses dentaires remboursée à 100%",Part des équipements vendus sans reste à charge dans le total des soins optiques,tx-equipements-optique,21,Côte-d'Or,2020-05-31,11.33,%
"Proposer une offre de lunettes, appareils auditifs et prothèses dentaires remboursée à 100%",Part des équipements vendus sans reste à charge dans le total des soins optiques,tx-equipements-optique,21,Côte-d'Or,2020-06-30,11.19,%
"Proposer une offre de lunettes, appareils auditifs et prothèses dentaires remboursée à 100%",Part des équipements vendus sans reste à charge dans le total des soins optiques,tx-equipements-optique,21,Côte-d'Or,2020-07-31,11.6,%
"Proposer une offre de lunettes, appareils auditifs et prothèses dentaires remboursée à 100%",Part des équipements vendus sans reste à charge dans le total des soins optiques,tx-equipements-optique,21,Côte-d'Or,2020-08-31,11.28,%
"Proposer une offre de lunettes, appareils auditifs et prothèses dentaires remboursée à 100%",Part des équipements vendus sans reste à charge dans le total des soins optiques,tx-equipements-optique,21,Côte-d'Or,2020-09-30,12.49,%
"Proposer une offre de lunettes, appareils auditifs et prothèses dentaires remboursée à 100%",Part des équipements vendus sans reste à charge dans le total des soins optiques,tx-equipements-optique,21,Côte-d'Or,2020-10-31,11.65,%
"Proposer une offre de lunettes, appareils auditifs et prothèses dentaires remboursée à 100%",Part des équipements vendus sans reste à charge dans le total des soins optiques,tx-equipements-optique,21,Côte-d'Or,2020-11-30,13.12,%
"Proposer une offre de lunettes, appareils auditifs et prothèses dentaires remboursée à 100%",Part des équipements vendus sans reste à charge dans le total des soins optiques,tx-equipements-optique,21,Côte-d'Or,2020-12-31,11.87,%
"Proposer une offre de lunettes, appareils auditifs et prothèses dentaires remboursée à 100%",Part des équipements vendus sans reste à charge dans le total des soins optiques,tx-equipements-optique,21,Côte-d'Or,2021-01-31,13.92,%
"Proposer une offre de lunettes, appareils auditifs et prothèses dentaires remboursée à 100%",Part des équipements vendus sans reste à charge dans le total des soins optiques,tx-equipements-optique,21,Côte-d'Or,2021-02-28,13.48,%
"Proposer une offre de lunettes, appareils auditifs et prothèses dentaires remboursée à 100%",Part des équipements vendus sans reste à charge dans le total des soins optiques,tx-equipements-optique,21,Côte-d'Or,2021-03-31,13.39,%
"Proposer une offre de lunettes, appareils auditifs et prothèses dentaires remboursée à 100%",Part des équipements vendus sans reste à charge dans le total des soins optiques,tx-equipements-optique,21,Côte-d'Or,2021-04-30,12.39,%
"Proposer une offre de lunettes, appareils auditifs et prothèses dentaires remboursée à 100%",Part des équipements vendus sans reste à charge dans le total des soins optiques,tx-equipements-optique,21,Côte-d'Or,2021-05-31,13.69,%
"Proposer une offre de lunettes, appareils auditifs et prothèses dentaires remboursée à 100%",Part des équipements vendus sans reste à charge dans le total des soins optiques,tx-equipements-optique,21,Côte-d'Or,2021-06-30,12.9,%
"Proposer une offre de lunettes, appareils auditifs et prothèses dentaires remboursée à 100%",Part des équipements vendus sans reste à charge dans le total des soins optiques,tx-equipements-optique,21,Côte-d'Or,2021-07-31,11.71,%
"Proposer une offre de lunettes, appareils auditifs et prothèses dentaires remboursée à 100%",Part des équipements vendus sans reste à charge dans le total des soins optiques,tx-equipements-optique,21,Côte-d'Or,2021-08-31,12.35,%
"Proposer une offre de lunettes, appareils auditifs et prothèses dentaires remboursée à 100%",Part des équipements vendus sans reste à charge dans le total des soins optiques,tx-equipements-optique,21,Côte-d'Or,2021-09-30,13.64,%
"Proposer une offre de lunettes, appareils auditifs et prothèses dentaires remboursée à 100%",Part des équipements vendus sans reste à charge dans le total des soins optiques,tx-equipements-optique,21,Côte-d'Or,2021-10-31,13.46,%
"Proposer une offre de lunettes, appareils auditifs et prothèses dentaires remboursée à 100%",Part des équipements vendus sans reste à charge dans le total des soins optiques,tx-equipements-optique,21,Côte-d'Or,2021-11-30,12.88,%
"Proposer une offre de lunettes, appareils auditifs et prothèses dentaires remboursée à 100%",Part des équipements vendus sans reste à charge dans le total des soins optiques,tx-equipements-optique,21,Côte-d'Or,2021-12-31,11.95,%
"Proposer une offre de lunettes, appareils auditifs et prothèses dentaires remboursée à 100%",Part des équipements vendus sans reste à charge dans le total des soins optiques,tx-equipements-optique,21,Côte-d'Or,2022-01-31,13.88,%
"Proposer une offre de lunettes, appareils auditifs et prothèses dentaires remboursée à 100%",Part des équipements vendus sans reste à charge dans le total des soins optiques,tx-equipements-optique,21,Côte-d'Or,2022-02-28,13.62,%
"Proposer une offre de lunettes, appareils auditifs et prothèses dentaires remboursée à 100%",Part des équipements vendus sans reste à charge dans le total des soins optiques,tx-equipements-optique,21,Côte-d'Or,2022-03-31,13.84,%
"Proposer une offre de lunettes, appareils auditifs et prothèses dentaires remboursée à 100%",Part des équipements vendus sans reste à charge dans le total des soins optiques,tx-equipements-optique,21,Côte-d'Or,2022-04-30,13.99,%
"Proposer une offre de lunettes, appareils auditifs et prothèses dentaires remboursée à 100%",Part des équipements vendus sans reste à charge dans le total des soins optiques,tx-equipements-optique,21,Côte-d'Or,2022-05-31,14.01,%
"Proposer une offre de lunettes, appareils auditifs et prothèses dentaires remboursée à 100%",Part des équipements vendus sans reste à charge dans le total des soins optiques,tx-equipements-optique,21,Côte-d'Or,2022-06-30,14.73,%
"Proposer une offre de lunettes, appareils auditifs et prothèses dentaires remboursée à 100%",Part des équipements vendus sans reste à charge dans le total des soins audio,tx-equipements-audio,21,Côte-d'Or,2019-01-31,5.37,%
"Proposer une offre de lunettes, appareils auditifs et prothèses dentaires remboursée à 100%",Part des équipements vendus sans reste à charge dans le total des soins audio,tx-equipements-audio,21,Côte-d'Or,2019-02-28,9.8,%
"Proposer une offre de lunettes, appareils auditifs et prothèses dentaires remboursée à 100%",Part des équipements vendus sans reste à charge dans le total des soins audio,tx-equipements-audio,21,Côte-d'Or,2019-03-31,9.21,%
"Proposer une offre de lunettes, appareils auditifs et prothèses dentaires remboursée à 100%",Part des équipements vendus sans reste à charge dans le total des soins audio,tx-equipements-audio,21,Côte-d'Or,2019-04-30,8.39,%
"Proposer une offre de lunettes, appareils auditifs et prothèses dentaires remboursée à 100%",Part des équipements vendus sans reste à charge dans le total des soins audio,tx-equipements-audio,21,Côte-d'Or,2019-05-31,8.17,%
"Proposer une offre de lunettes, appareils auditifs et prothèses dentaires remboursée à 100%",Part des équipements vendus sans reste à charge dans le total des soins audio,tx-equipements-audio,21,Côte-d'Or,2019-06-30,8.14,%
"Proposer une offre de lunettes, appareils auditifs et prothèses dentaires remboursée à 100%",Part des équipements vendus sans reste à charge dans le total des soins audio,tx-equipements-audio,21,Côte-d'Or,2019-07-31,9.67,%
"Proposer une offre de lunettes, appareils auditifs et prothèses dentaires remboursée à 100%",Part des équipements vendus sans reste à charge dans le total des soins audio,tx-equipements-audio,21,Côte-d'Or,2019-08-31,10.0,%
"Proposer une offre de lunettes, appareils auditifs et prothèses dentaires remboursée à 100%",Part des équipements vendus sans reste à charge dans le total des soins audio,tx-equipements-audio,21,Côte-d'Or,2019-09-30,4.09,%
"Proposer une offre de lunettes, appareils auditifs et prothèses dentaires remboursée à 100%",Part des équipements vendus sans reste à charge dans le total des soins audio,tx-equipements-audio,21,Côte-d'Or,2019-10-31,9.08,%
"Proposer une offre de lunettes, appareils auditifs et prothèses dentaires remboursée à 100%",Part des équipements vendus sans reste à charge dans le total des soins audio,tx-equipements-audio,21,Côte-d'Or,2019-11-30,5.67,%
"Proposer une offre de lunettes, appareils auditifs et prothèses dentaires remboursée à 100%",Part des équipements vendus sans reste à charge dans le total des soins audio,tx-equipements-audio,21,Côte-d'Or,2019-12-31,6.38,%
"Proposer une offre de lunettes, appareils auditifs et prothèses dentaires remboursée à 100%",Part des équipements vendus sans reste à charge dans le total des soins audio,tx-equipements-audio,21,Côte-d'Or,2020-01-31,6.1,%
"Proposer une offre de lunettes, appareils auditifs et prothèses dentaires remboursée à 100%",Part des équipements vendus sans reste à charge dans le total des soins audio,tx-equipements-audio,21,Côte-d'Or,2020-02-29,7.42,%
"Proposer une offre de lunettes, appareils auditifs et prothèses dentaires remboursée à 100%",Part des équipements vendus sans reste à charge dans le total des soins audio,tx-equipements-audio,21,Côte-d'Or,2020-03-31,6.87,%
"Proposer une offre de lunettes, appareils auditifs et prothèses dentaires remboursée à 100%",Part des équipements vendus sans reste à charge dans le total des soins audio,tx-equipements-audio,21,Côte-d'Or,2020-04-30,3.77,%
"Proposer une offre de lunettes, appareils auditifs et prothèses dentaires remboursée à 100%",Part des équipements vendus sans reste à charge dans le total des soins audio,tx-equipements-audio,21,Côte-d'Or,2020-05-31,6.81,%
"Proposer une offre de lunettes, appareils auditifs et prothèses dentaires remboursée à 100%",Part des équipements vendus sans reste à charge dans le total des soins audio,tx-equipements-audio,21,Côte-d'Or,2020-06-30,7.76,%
"Proposer une offre de lunettes, appareils auditifs et prothèses dentaires remboursée à 100%",Part des équipements vendus sans reste à charge dans le total des soins audio,tx-equipements-audio,21,Côte-d'Or,2020-07-31,5.98,%
"Proposer une offre de lunettes, appareils auditifs et prothèses dentaires remboursée à 100%",Part des équipements vendus sans reste à charge dans le total des soins audio,tx-equipements-audio,21,Côte-d'Or,2020-08-31,9.78,%
"Proposer une offre de lunettes, appareils auditifs et prothèses dentaires remboursée à 100%",Part des équipements vendus sans reste à charge dans le total des soins audio,tx-equipements-audio,21,Côte-d'Or,2020-09-30,7.61,%
"Proposer une offre de lunettes, appareils auditifs et prothèses dentaires remboursée à 100%",Part des équipements vendus sans reste à charge dans le total des soins audio,tx-equipements-audio,21,Côte-d'Or,2020-10-31,12.57,%
"Proposer une offre de lunettes, appareils auditifs et prothèses dentaires remboursée à 100%",Part des équipements vendus sans reste à charge dans le total des soins audio,tx-equipements-audio,21,Côte-d'Or,2020-11-30,6.24,%
"Proposer une offre de lunettes, appareils auditifs et prothèses dentaires remboursée à 100%",Part des équipements vendus sans reste à charge dans le total des soins audio,tx-equipements-audio,21,Côte-d'Or,2020-12-31,5.74,%
"Proposer une offre de lunettes, appareils auditifs et prothèses dentaires remboursée à 100%",Part des équipements vendus sans reste à charge dans le total des soins audio,tx-equipements-audio,21,Côte-d'Or,2021-01-31,45.85,%
"Proposer une offre de lunettes, appareils auditifs et prothèses dentaires remboursée à 100%",Part des équipements vendus sans reste à charge dans le total des soins audio,tx-equipements-audio,21,Côte-d'Or,2021-02-28,35.64,%
"Proposer une offre de lunettes, appareils auditifs et prothèses dentaires remboursée à 100%",Part des équipements vendus sans reste à charge dans le total des soins audio,tx-equipements-audio,21,Côte-d'Or,2021-03-31,33.12,%
"Proposer une offre de lunettes, appareils auditifs et prothèses dentaires remboursée à 100%",Part des équipements vendus sans reste à charge dans le total des soins audio,tx-equipements-audio,21,Côte-d'Or,2021-04-30,35.47,%
"Proposer une offre de lunettes, appareils auditifs et prothèses dentaires remboursée à 100%",Part des équipements vendus sans reste à charge dans le total des soins audio,tx-equipements-audio,21,Côte-d'Or,2021-05-31,33.6,%
"Proposer une offre de lunettes, appareils auditifs et prothèses dentaires remboursée à 100%",Part des équipements vendus sans reste à charge dans le total des soins audio,tx-equipements-audio,21,Côte-d'Or,2021-06-30,35.48,%
"Proposer une offre de lunettes, appareils auditifs et prothèses dentaires remboursée à 100%",Part des équipements vendus sans reste à charge dans le total des soins audio,tx-equipements-audio,21,Côte-d'Or,2021-07-31,33.72,%
"Proposer une offre de lunettes, appareils auditifs et prothèses dentaires remboursée à 100%",Part des équipements vendus sans reste à charge dans le total des soins audio,tx-equipements-audio,21,Côte-d'Or,2021-08-31,31.9,%
"Proposer une offre de lunettes, appareils auditifs et prothèses dentaires remboursée à 100%",Part des équipements vendus sans reste à charge dans le total des soins audio,tx-equipements-audio,21,Côte-d'Or,2021-09-30,35.37,%
"Proposer une offre de lunettes, appareils auditifs et prothèses dentaires remboursée à 100%",Part des équipements vendus sans reste à charge dans le total des soins audio,tx-equipements-audio,21,Côte-d'Or,2021-10-31,32.95,%
"Proposer une offre de lunettes, appareils auditifs et prothèses dentaires remboursée à 100%",Part des équipements vendus sans reste à charge dans le total des soins audio,tx-equipements-audio,21,Côte-d'Or,2021-11-30,27.27,%
"Proposer une offre de lunettes, appareils auditifs et prothèses dentaires remboursée à 100%",Part des équipements vendus sans reste à charge dans le total des soins audio,tx-equipements-audio,21,Côte-d'Or,2021-12-31,29.37,%
"Proposer une offre de lunettes, appareils auditifs et prothèses dentaires remboursée à 100%",Part des équipements vendus sans reste à charge dans le total des soins audio,tx-equipements-audio,21,Côte-d'Or,2022-01-31,28.97,%
"Proposer une offre de lunettes, appareils auditifs et prothèses dentaires remboursée à 100%",Part des équipements vendus sans reste à charge dans le total des soins audio,tx-equipements-audio,21,Côte-d'Or,2022-02-28,28.65,%
"Proposer une offre de lunettes, appareils auditifs et prothèses dentaires remboursée à 100%",Part des équipements vendus sans reste à charge dans le total des soins audio,tx-equipements-audio,21,Côte-d'Or,2022-03-31,30.47,%
"Proposer une offre de lunettes, appareils auditifs et prothèses dentaires remboursée à 100%",Part des équipements vendus sans reste à charge dans le total des soins audio,tx-equipements-audio,21,Côte-d'Or,2022-04-30,28.47,%
"Proposer une offre de lunettes, appareils auditifs et prothèses dentaires remboursée à 100%",Part des équipements vendus sans reste à charge dans le total des soins audio,tx-equipements-audio,21,Côte-d'Or,2022-05-31,30.88,%
"Proposer une offre de lunettes, appareils auditifs et prothèses dentaires remboursée à 100%",Part des équipements vendus sans reste à charge dans le total des soins audio,tx-equipements-audio,21,Côte-d'Or,2022-06-30,29.44,%
"Proposer une offre de lunettes, appareils auditifs et prothèses dentaires remboursée à 100%",Part des équipements vendus sans reste à charge dans le total des soins dentaires,tx-equipements-dentaire,21,Côte-d'Or,2019-01-31,0.0,%
"Proposer une offre de lunettes, appareils auditifs et prothèses dentaires remboursée à 100%",Part des équipements vendus sans reste à charge dans le total des soins dentaires,tx-equipements-dentaire,21,Côte-d'Or,2019-02-28,0.0,%
"Proposer une offre de lunettes, appareils auditifs et prothèses dentaires remboursée à 100%",Part des équipements vendus sans reste à charge dans le total des soins dentaires,tx-equipements-dentaire,21,Côte-d'Or,2019-03-31,0.0,%
"Proposer une offre de lunettes, appareils auditifs et prothèses dentaires remboursée à 100%",Part des équipements vendus sans reste à charge dans le total des soins dentaires,tx-equipements-dentaire,21,Côte-d'Or,2019-04-30,31.72,%
"Proposer une offre de lunettes, appareils auditifs et prothèses dentaires remboursée à 100%",Part des équipements vendus sans reste à charge dans le total des soins dentaires,tx-equipements-dentaire,21,Côte-d'Or,2019-05-31,44.7,%
"Proposer une offre de lunettes, appareils auditifs et prothèses dentaires remboursée à 100%",Part des équipements vendus sans reste à charge dans le total des soins dentaires,tx-equipements-dentaire,21,Côte-d'Or,2019-06-30,48.44,%
"Proposer une offre de lunettes, appareils auditifs et prothèses dentaires remboursée à 100%",Part des équipements vendus sans reste à charge dans le total des soins dentaires,tx-equipements-dentaire,21,Côte-d'Or,2019-07-31,48.04,%
"Proposer une offre de lunettes, appareils auditifs et prothèses dentaires remboursée à 100%",Part des équipements vendus sans reste à charge dans le total des soins dentaires,tx-equipements-dentaire,21,Côte-d'Or,2019-08-31,51.44,%
"Proposer une offre de lunettes, appareils auditifs et prothèses dentaires remboursée à 100%",Part des équipements vendus sans reste à charge dans le total des soins dentaires,tx-equipements-dentaire,21,Côte-d'Or,2019-09-30,49.19,%
"Proposer une offre de lunettes, appareils auditifs et prothèses dentaires remboursée à 100%",Part des équipements vendus sans reste à charge dans le total des soins dentaires,tx-equipements-dentaire,21,Côte-d'Or,2019-10-31,48.15,%
"Proposer une offre de lunettes, appareils auditifs et prothèses dentaires remboursée à 100%",Part des équipements vendus sans reste à charge dans le total des soins dentaires,tx-equipements-dentaire,21,Côte-d'Or,2019-11-30,48.36,%
"Proposer une offre de lunettes, appareils auditifs et prothèses dentaires remboursée à 100%",Part des équipements vendus sans reste à charge dans le total des soins dentaires,tx-equipements-dentaire,21,Côte-d'Or,2019-12-31,45.01,%
"Proposer une offre de lunettes, appareils auditifs et prothèses dentaires remboursée à 100%",Part des équipements vendus sans reste à charge dans le total des soins dentaires,tx-equipements-dentaire,21,Côte-d'Or,2020-01-31,53.19,%
"Proposer une offre de lunettes, appareils auditifs et prothèses dentaires remboursée à 100%",Part des équipements vendus sans reste à charge dans le total des soins dentaires,tx-equipements-dentaire,21,Côte-d'Or,2020-02-29,54.49,%
"Proposer une offre de lunettes, appareils auditifs et prothèses dentaires remboursée à 100%",Part des équipements vendus sans reste à charge dans le total des soins dentaires,tx-equipements-dentaire,21,Côte-d'Or,2020-03-31,58.96,%
"Proposer une offre de lunettes, appareils auditifs et prothèses dentaires remboursée à 100%",Part des équipements vendus sans reste à charge dans le total des soins dentaires,tx-equipements-dentaire,21,Côte-d'Or,2020-04-30,61.74,%
"Proposer une offre de lunettes, appareils auditifs et prothèses dentaires remboursée à 100%",Part des équipements vendus sans reste à charge dans le total des soins dentaires,tx-equipements-dentaire,21,Côte-d'Or,2020-05-31,59.47,%
"Proposer une offre de lunettes, appareils auditifs et prothèses dentaires remboursée à 100%",Part des équipements vendus sans reste à charge dans le total des soins dentaires,tx-equipements-dentaire,21,Côte-d'Or,2020-06-30,59.26,%
"Proposer une offre de lunettes, appareils auditifs et prothèses dentaires remboursée à 100%",Part des équipements vendus sans reste à charge dans le total des soins dentaires,tx-equipements-dentaire,21,Côte-d'Or,2020-07-31,58.39,%
"Proposer une offre de lunettes, appareils auditifs et prothèses dentaires remboursée à 100%",Part des équipements vendus sans reste à charge dans le total des soins dentaires,tx-equipements-dentaire,21,Côte-d'Or,2020-08-31,62.86,%
"Proposer une offre de lunettes, appareils auditifs et prothèses dentaires remboursée à 100%",Part des équipements vendus sans reste à charge dans le total des soins dentaires,tx-equipements-dentaire,21,Côte-d'Or,2020-09-30,61.61,%
"Proposer une offre de lunettes, appareils auditifs et prothèses dentaires remboursée à 100%",Part des équipements vendus sans reste à charge dans le total des soins dentaires,tx-equipements-dentaire,21,Côte-d'Or,2020-10-31,61.49,%
"Proposer une offre de lunettes, appareils auditifs et prothèses dentaires remboursée à 100%",Part des équipements vendus sans reste à charge dans le total des soins dentaires,tx-equipements-dentaire,21,Côte-d'Or,2020-11-30,61.75,%
"Proposer une offre de lunettes, appareils auditifs et prothèses dentaires remboursée à 100%",Part des équipements vendus sans reste à charge dans le total des soins dentaires,tx-equipements-dentaire,21,Côte-d'Or,2020-12-31,59.99,%
"Proposer une offre de lunettes, appareils auditifs et prothèses dentaires remboursée à 100%",Part des équipements vendus sans reste à charge dans le total des soins dentaires,tx-equipements-dentaire,21,Côte-d'Or,2021-01-31,61.24,%
"Proposer une offre de lunettes, appareils auditifs et prothèses dentaires remboursée à 100%",Part des équipements vendus sans reste à charge dans le total des soins dentaires,tx-equipements-dentaire,21,Côte-d'Or,2021-02-28,61.48,%
"Proposer une offre de lunettes, appareils auditifs et prothèses dentaires remboursée à 100%",Part des équipements vendus sans reste à charge dans le total des soins dentaires,tx-equipements-dentaire,21,Côte-d'Or,2021-03-31,62.89,%
"Proposer une offre de lunettes, appareils auditifs et prothèses dentaires remboursée à 100%",Part des équipements vendus sans reste à charge dans le total des soins dentaires,tx-equipements-dentaire,21,Côte-d'Or,2021-04-30,62.22,%
"Proposer une offre de lunettes, appareils auditifs et prothèses dentaires remboursée à 100%",Part des équipements vendus sans reste à charge dans le total des soins dentaires,tx-equipements-dentaire,21,Côte-d'Or,2021-05-31,61.16,%
"Proposer une offre de lunettes, appareils auditifs et prothèses dentaires remboursée à 100%",Part des équipements vendus sans reste à charge dans le total des soins dentaires,tx-equipements-dentaire,21,Côte-d'Or,2021-06-30,62.64,%
"Proposer une offre de lunettes, appareils auditifs et prothèses dentaires remboursée à 100%",Part des équipements vendus sans reste à charge dans le total des soins dentaires,tx-equipements-dentaire,21,Côte-d'Or,2021-07-31,58.94,%
"Proposer une offre de lunettes, appareils auditifs et prothèses dentaires remboursée à 100%",Part des équipements vendus sans reste à charge dans le total des soins dentaires,tx-equipements-dentaire,21,Côte-d'Or,2021-08-31,67.27,%
"Proposer une offre de lunettes, appareils auditifs et prothèses dentaires remboursée à 100%",Part des équipements vendus sans reste à charge dans le total des soins dentaires,tx-equipements-dentaire,21,Côte-d'Or,2021-09-30,62.29,%
"Proposer une offre de lunettes, appareils auditifs et prothèses dentaires remboursée à 100%",Part des équipements vendus sans reste à charge dans le total des soins dentaires,tx-equipements-dentaire,21,Côte-d'Or,2021-10-31,62.19,%
"Proposer une offre de lunettes, appareils auditifs et prothèses dentaires remboursée à 100%",Part des équipements vendus sans reste à charge dans le total des soins dentaires,tx-equipements-dentaire,21,Côte-d'Or,2021-11-30,61.9,%
"Proposer une offre de lunettes, appareils auditifs et prothèses dentaires remboursée à 100%",Part des équipements vendus sans reste à charge dans le total des soins dentaires,tx-equipements-dentaire,21,Côte-d'Or,2021-12-31,62.66,%
"Proposer une offre de lunettes, appareils auditifs et prothèses dentaires remboursée à 100%",Part des équipements vendus sans reste à charge dans le total des soins dentaires,tx-equipements-dentaire,21,Côte-d'Or,2022-01-31,63.05,%
"Proposer une offre de lunettes, appareils auditifs et prothèses dentaires remboursée à 100%",Part des équipements vendus sans reste à charge dans le total des soins dentaires,tx-equipements-dentaire,21,Côte-d'Or,2022-02-28,63.82,%
"Proposer une offre de lunettes, appareils auditifs et prothèses dentaires remboursée à 100%",Part des équipements vendus sans reste à charge dans le total des soins dentaires,tx-equipements-dentaire,21,Côte-d'Or,2022-03-31,62.01,%
"Proposer une offre de lunettes, appareils auditifs et prothèses dentaires remboursée à 100%",Part des équipements vendus sans reste à charge dans le total des soins dentaires,tx-equipements-dentaire,21,Côte-d'Or,2022-04-30,61.46,%
"Proposer une offre de lunettes, appareils auditifs et prothèses dentaires remboursée à 100%",Part des équipements vendus sans reste à charge dans le total des soins dentaires,tx-equipements-dentaire,21,Côte-d'Or,2022-05-31,62.53,%
"Proposer une offre de lunettes, appareils auditifs et prothèses dentaires remboursée à 100%",Part des équipements vendus sans reste à charge dans le total des soins dentaires,tx-equipements-dentaire,21,Côte-d'Or,2022-06-30,62.35,%
Lutter contre les stupéfiants,Nombre d'amendes forfaitaires délictuelles dressées,nb-amendes-delictuelles-dressees,21,Côte-d'Or,2020-08-31,0.0,amendes dressées
Lutter contre les stupéfiants,Nombre d'amendes forfaitaires délictuelles dressées,nb-amendes-delictuelles-dressees,21,Côte-d'Or,2020-09-30,44.0,amendes dressées
Lutter contre les stupéfiants,Nombre d'amendes forfaitaires délictuelles dressées,nb-amendes-delictuelles-dressees,21,Côte-d'Or,2020-10-31,36.0,amendes dressées
Lutter contre les stupéfiants,Nombre d'amendes forfaitaires délictuelles dressées,nb-amendes-delictuelles-dressees,21,Côte-d'Or,2020-11-30,40.0,amendes dressées
Lutter contre les stupéfiants,Nombre d'amendes forfaitaires délictuelles dressées,nb-amendes-delictuelles-dressees,21,Côte-d'Or,2020-12-31,31.0,amendes dressées
Lutter contre les stupéfiants,Nombre d'amendes forfaitaires délictuelles dressées,nb-amendes-delictuelles-dressees,21,Côte-d'Or,2021-01-31,25.0,amendes dressées
Lutter contre les stupéfiants,Nombre d'amendes forfaitaires délictuelles dressées,nb-amendes-delictuelles-dressees,21,Côte-d'Or,2021-02-28,32.0,amendes dressées
Lutter contre les stupéfiants,Nombre d'amendes forfaitaires délictuelles dressées,nb-amendes-delictuelles-dressees,21,Côte-d'Or,2021-03-31,45.0,amendes dressées
Lutter contre les stupéfiants,Nombre d'amendes forfaitaires délictuelles dressées,nb-amendes-delictuelles-dressees,21,Côte-d'Or,2021-04-30,29.0,amendes dressées
Lutter contre les stupéfiants,Nombre d'amendes forfaitaires délictuelles dressées,nb-amendes-delictuelles-dressees,21,Côte-d'Or,2021-05-31,44.0,amendes dressées
Lutter contre les stupéfiants,Nombre d'amendes forfaitaires délictuelles dressées,nb-amendes-delictuelles-dressees,21,Côte-d'Or,2021-06-30,48.0,amendes dressées
Lutter contre les stupéfiants,Nombre d'amendes forfaitaires délictuelles dressées,nb-amendes-delictuelles-dressees,21,Côte-d'Or,2021-07-31,37.0,amendes dressées
Lutter contre les stupéfiants,Nombre d'amendes forfaitaires délictuelles dressées,nb-amendes-delictuelles-dressees,21,Côte-d'Or,2021-08-31,24.0,amendes dressées
Lutter contre les stupéfiants,Nombre d'amendes forfaitaires délictuelles dressées,nb-amendes-delictuelles-dressees,21,Côte-d'Or,2021-09-30,51.0,amendes dressées
Lutter contre les stupéfiants,Nombre d'amendes forfaitaires délictuelles dressées,nb-amendes-delictuelles-dressees,21,Côte-d'Or,2021-10-31,34.0,amendes dressées
Lutter contre les stupéfiants,Nombre d'amendes forfaitaires délictuelles dressées,nb-amendes-delictuelles-dressees,21,Côte-d'Or,2021-11-30,18.0,amendes dressées
Lutter contre les stupéfiants,Nombre d'amendes forfaitaires délictuelles dressées,nb-amendes-delictuelles-dressees,21,Côte-d'Or,2021-12-31,17.0,amendes dressées
Lutter contre les stupéfiants,Nombre d'amendes forfaitaires délictuelles dressées,nb-amendes-delictuelles-dressees,21,Côte-d'Or,2022-01-31,38.0,amendes dressées
Lutter contre les stupéfiants,Nombre d'amendes forfaitaires délictuelles dressées,nb-amendes-delictuelles-dressees,21,Côte-d'Or,2022-02-28,35.0,amendes dressées
Lutter contre les stupéfiants,Nombre d'amendes forfaitaires délictuelles dressées,nb-amendes-delictuelles-dressees,21,Côte-d'Or,2022-03-31,30.0,amendes dressées
Lutter contre les stupéfiants,Nombre d'amendes forfaitaires délictuelles dressées,nb-amendes-delictuelles-dressees,21,Côte-d'Or,2022-04-30,30.0,amendes dressées
Lutter contre les stupéfiants,Nombre d'amendes forfaitaires délictuelles dressées,nb-amendes-delictuelles-dressees,21,Côte-d'Or,2022-05-31,52.0,amendes dressées
Lutter contre les stupéfiants,Nombre d'amendes forfaitaires délictuelles dressées,nb-amendes-delictuelles-dressees,21,Côte-d'Or,2022-06-30,118.0,amendes dressées
Lutter contre les stupéfiants,Nombre d'amendes forfaitaires délictuelles dressées,nb-amendes-delictuelles-dressees,21,Côte-d'Or,2022-07-31,33.0,amendes dressées
Lutter contre les stupéfiants,Nombre d'amendes forfaitaires délictuelles dressées,nb-amendes-delictuelles-dressees,21,Côte-d'Or,2022-08-31,37.0,amendes dressées
Lutter contre les stupéfiants,Nombre d'amendes forfaitaires délictuelles dressées,nb-amendes-delictuelles-dressees,21,Côte-d'Or,2022-09-30,44.0,amendes dressées
Lutter contre les stupéfiants,Nombre d'amendes forfaitaires délictuelles dressées,nb-amendes-delictuelles-dressees,21,Côte-d'Or,2022-10-31,61.0,amendes dressées
Lutter contre les stupéfiants,Nombre d'amendes forfaitaires délictuelles dressées,nb-amendes-delictuelles-dressees,21,Côte-d'Or,2022-11-30,35.0,amendes dressées
Lutter contre les stupéfiants,Nombre d'amendes forfaitaires délictuelles dressées,nb-amendes-delictuelles-dressees,21,Côte-d'Or,2022-12-31,23.0,amendes dressées
Garantir l'égalité professionnelle entre les femmes et les hommes,Part des entreprises respectant leur obligation de publier l’index égalité professionnelle,tx-entreprise-egalite-pro,21,Côte-d'Or,2019-03-31,20.0,%
Garantir l'égalité professionnelle entre les femmes et les hommes,Part des entreprises respectant leur obligation de publier l’index égalité professionnelle,tx-entreprise-egalite-pro,21,Côte-d'Or,2019-06-30,60.0,%
Garantir l'égalité professionnelle entre les femmes et les hommes,Part des entreprises respectant leur obligation de publier l’index égalité professionnelle,tx-entreprise-egalite-pro,21,Côte-d'Or,2019-09-30,76.0,%
Garantir l'égalité professionnelle entre les femmes et les hommes,Part des entreprises respectant leur obligation de publier l’index égalité professionnelle,tx-entreprise-egalite-pro,21,Côte-d'Or,2019-12-31,100.0,%
Garantir l'égalité professionnelle entre les femmes et les hommes,Part des entreprises respectant leur obligation de publier l’index égalité professionnelle,tx-entreprise-egalite-pro,21,Côte-d'Or,2020-03-31,81.0,%
Garantir l'égalité professionnelle entre les femmes et les hommes,Part des entreprises respectant leur obligation de publier l’index égalité professionnelle,tx-entreprise-egalite-pro,21,Côte-d'Or,2020-06-30,85.0,%
Garantir l'égalité professionnelle entre les femmes et les hommes,Part des entreprises respectant leur obligation de publier l’index égalité professionnelle,tx-entreprise-egalite-pro,21,Côte-d'Or,2020-09-30,93.0,%
Garantir l'égalité professionnelle entre les femmes et les hommes,Part des entreprises respectant leur obligation de publier l’index égalité professionnelle,tx-entreprise-egalite-pro,21,Côte-d'Or,2020-12-31,100.0,%
Garantir l'égalité professionnelle entre les femmes et les hommes,Part des entreprises respectant leur obligation de publier l’index égalité professionnelle,tx-entreprise-egalite-pro,21,Côte-d'Or,2021-03-31,95.0,%
Garantir l'égalité professionnelle entre les femmes et les hommes,Part des entreprises respectant leur obligation de publier l’index égalité professionnelle,tx-entreprise-egalite-pro,21,Côte-d'Or,2021-06-30,98.0,%
Garantir l'égalité professionnelle entre les femmes et les hommes,Part des entreprises respectant leur obligation de publier l’index égalité professionnelle,tx-entreprise-egalite-pro,21,Côte-d'Or,2021-09-30,100.0,%
Garantir l'égalité professionnelle entre les femmes et les hommes,Part des entreprises respectant leur obligation de publier l’index égalité professionnelle,tx-entreprise-egalite-pro,21,Côte-d'Or,2021-12-31,100.0,%
Garantir l'égalité professionnelle entre les femmes et les hommes,Part des entreprises respectant leur obligation de publier l’index égalité professionnelle,tx-entreprise-egalite-pro,21,Côte-d'Or,2022-03-31,78.0,%
Garantir l'égalité professionnelle entre les femmes et les hommes,Part des entreprises respectant leur obligation de publier l’index égalité professionnelle,tx-entreprise-egalite-pro,21,Côte-d'Or,2022-06-30,87.0,%
Garantir l'égalité professionnelle entre les femmes et les hommes,Part des entreprises respectant leur obligation de publier l’index égalité professionnelle,tx-entreprise-egalite-pro,21,Côte-d'Or,2022-09-30,87.0,%
Garantir l'égalité professionnelle entre les femmes et les hommes,Part des entreprises respectant leur obligation de publier l’index égalité professionnelle,tx-entreprise-egalite-pro,21,Côte-d'Or,2022-12-31,87.0,%
"Limiter les classes à 24 en grande section, CP, CE1","Part des classes de GS, CP ou CE1 ayant un effectif inférieur ou égal à 24 élèves",tx-classes-cp-ce1,21,Côte-d'Or,2019-09-30,72.0,% des classes
"Limiter les classes à 24 en grande section, CP, CE1","Part des classes de GS, CP ou CE1 ayant un effectif inférieur ou égal à 24 élèves",tx-classes-cp-ce1,21,Côte-d'Or,2020-09-30,78.0,% des classes
"Limiter les classes à 24 en grande section, CP, CE1","Part des classes de GS, CP ou CE1 ayant un effectif inférieur ou égal à 24 élèves",tx-classes-cp-ce1,21,Côte-d'Or,2021-09-30,82.0,% des classes
"Limiter les classes à 24 en grande section, CP, CE1","Part des classes de GS, CP ou CE1 ayant un effectif inférieur ou égal à 24 élèves",tx-classes-cp-ce1,21,Côte-d'Or,2022-09-30,88.0,% des classes
Aide de France Relance aux entreprises,Nombre d’entreprises industrielles (dont PME) bénéficiaires des aides à l'investissement de France Relance,nb-entreprises-industrielles-agricoles,21,Côte-d'Or,2020-01-31,0.0,entreprises industrielles
Aide de France Relance aux entreprises,Nombre d’entreprises industrielles (dont PME) bénéficiaires des aides à l'investissement de France Relance,nb-entreprises-industrielles-agricoles,21,Côte-d'Or,2020-02-29,0.0,entreprises industrielles
Aide de France Relance aux entreprises,Nombre d’entreprises industrielles (dont PME) bénéficiaires des aides à l'investissement de France Relance,nb-entreprises-industrielles-agricoles,21,Côte-d'Or,2020-03-31,0.0,entreprises industrielles
Aide de France Relance aux entreprises,Nombre d’entreprises industrielles (dont PME) bénéficiaires des aides à l'investissement de France Relance,nb-entreprises-industrielles-agricoles,21,Côte-d'Or,2020-04-30,0.0,entreprises industrielles
Aide de France Relance aux entreprises,Nombre d’entreprises industrielles (dont PME) bénéficiaires des aides à l'investissement de France Relance,nb-entreprises-industrielles-agricoles,21,Côte-d'Or,2020-05-31,0.0,entreprises industrielles
Aide de France Relance aux entreprises,Nombre d’entreprises industrielles (dont PME) bénéficiaires des aides à l'investissement de France Relance,nb-entreprises-industrielles-agricoles,21,Côte-d'Or,2020-06-30,0.0,entreprises industrielles
Aide de France Relance aux entreprises,Nombre d’entreprises industrielles (dont PME) bénéficiaires des aides à l'investissement de France Relance,nb-entreprises-industrielles-agricoles,21,Côte-d'Or,2020-07-31,0.0,entreprises industrielles
Aide de France Relance aux entreprises,Nombre d’entreprises industrielles (dont PME) bénéficiaires des aides à l'investissement de France Relance,nb-entreprises-industrielles-agricoles,21,Côte-d'Or,2020-08-31,0.0,entreprises industrielles
Aide de France Relance aux entreprises,Nombre d’entreprises industrielles (dont PME) bénéficiaires des aides à l'investissement de France Relance,nb-entreprises-industrielles-agricoles,21,Côte-d'Or,2020-09-30,0.0,entreprises industrielles
Aide de France Relance aux entreprises,Nombre d’entreprises industrielles (dont PME) bénéficiaires des aides à l'investissement de France Relance,nb-entreprises-industrielles-agricoles,21,Côte-d'Or,2020-10-31,0.0,entreprises industrielles
Aide de France Relance aux entreprises,Nombre d’entreprises industrielles (dont PME) bénéficiaires des aides à l'investissement de France Relance,nb-entreprises-industrielles-agricoles,21,Côte-d'Or,2020-11-30,5.0,entreprises industrielles
Aide de France Relance aux entreprises,Nombre d’entreprises industrielles (dont PME) bénéficiaires des aides à l'investissement de France Relance,nb-entreprises-industrielles-agricoles,21,Côte-d'Or,2020-12-31,10.0,entreprises industrielles
Aide de France Relance aux entreprises,Nombre d’entreprises industrielles (dont PME) bénéficiaires des aides à l'investissement de France Relance,nb-entreprises-industrielles-agricoles,21,Côte-d'Or,2021-01-31,12.0,entreprises industrielles
Aide de France Relance aux entreprises,Nombre d’entreprises industrielles (dont PME) bénéficiaires des aides à l'investissement de France Relance,nb-entreprises-industrielles-agricoles,21,Côte-d'Or,2021-02-28,13.0,entreprises industrielles
Aide de France Relance aux entreprises,Nombre d’entreprises industrielles (dont PME) bénéficiaires des aides à l'investissement de France Relance,nb-entreprises-industrielles-agricoles,21,Côte-d'Or,2021-03-31,16.0,entreprises industrielles
Aide de France Relance aux entreprises,Nombre d’entreprises industrielles (dont PME) bénéficiaires des aides à l'investissement de France Relance,nb-entreprises-industrielles-agricoles,21,Côte-d'Or,2021-04-30,19.0,entreprises industrielles
Aide de France Relance aux entreprises,Nombre d’entreprises industrielles (dont PME) bénéficiaires des aides à l'investissement de France Relance,nb-entreprises-industrielles-agricoles,21,Côte-d'Or,2021-05-31,41.0,entreprises industrielles
Aide de France Relance aux entreprises,Nombre d’entreprises industrielles (dont PME) bénéficiaires des aides à l'investissement de France Relance,nb-entreprises-industrielles-agricoles,21,Côte-d'Or,2021-06-30,46.0,entreprises industrielles
Aide de France Relance aux entreprises,Nombre d’entreprises industrielles (dont PME) bénéficiaires des aides à l'investissement de France Relance,nb-entreprises-industrielles-agricoles,21,Côte-d'Or,2021-07-31,87.0,entreprises industrielles
Aide de France Relance aux entreprises,Nombre d’entreprises industrielles (dont PME) bénéficiaires des aides à l'investissement de France Relance,nb-entreprises-industrielles-agricoles,21,Côte-d'Or,2021-08-31,90.0,entreprises industrielles
Aide de France Relance aux entreprises,Nombre d’entreprises industrielles (dont PME) bénéficiaires des aides à l'investissement de France Relance,nb-entreprises-industrielles-agricoles,21,Côte-d'Or,2021-09-30,92.0,entreprises industrielles
Aide de France Relance aux entreprises,Nombre d’entreprises industrielles (dont PME) bénéficiaires des aides à l'investissement de France Relance,nb-entreprises-industrielles-agricoles,21,Côte-d'Or,2021-10-31,102.0,entreprises industrielles
Aide de France Relance aux entreprises,Nombre d’entreprises industrielles (dont PME) bénéficiaires des aides à l'investissement de France Relance,nb-entreprises-industrielles-agricoles,21,Côte-d'Or,2021-11-30,105.0,entreprises industrielles
Aide de France Relance aux entreprises,Nombre d’entreprises industrielles (dont PME) bénéficiaires des aides à l'investissement de France Relance,nb-entreprises-industrielles-agricoles,21,Côte-d'Or,2021-12-31,108.0,entreprises industrielles
Aide de France Relance aux entreprises,Nombre d’entreprises industrielles (dont PME) bénéficiaires des aides à l'investissement de France Relance,nb-entreprises-industrielles-agricoles,21,Côte-d'Or,2022-01-31,107.0,entreprises industrielles
Aide de France Relance aux entreprises,Nombre d’entreprises industrielles (dont PME) bénéficiaires des aides à l'investissement de France Relance,nb-entreprises-industrielles-agricoles,21,Côte-d'Or,2022-02-28,93.0,entreprises industrielles
Aide de France Relance aux entreprises,Nombre d’entreprises industrielles (dont PME) bénéficiaires des aides à l'investissement de France Relance,nb-entreprises-industrielles-agricoles,21,Côte-d'Or,2022-03-31,94.0,entreprises industrielles
Aide de France Relance aux entreprises,Nombre d’entreprises industrielles (dont PME) bénéficiaires des aides à l'investissement de France Relance,nb-entreprises-industrielles-agricoles,21,Côte-d'Or,2022-04-30,94.0,entreprises industrielles
Aide de France Relance aux entreprises,Nombre d’entreprises industrielles (dont PME) bénéficiaires des aides à l'investissement de France Relance,nb-entreprises-industrielles-agricoles,21,Côte-d'Or,2022-05-31,93.0,entreprises industrielles
Aide de France Relance aux entreprises,Nombre d’entreprises industrielles (dont PME) bénéficiaires des aides à l'investissement de France Relance,nb-entreprises-industrielles-agricoles,21,Côte-d'Or,2022-06-30,93.0,entreprises industrielles
Aide de France Relance aux entreprises,Nombre d’entreprises industrielles (dont PME) bénéficiaires des aides à l'investissement de France Relance,nb-entreprises-industrielles-agricoles,21,Côte-d'Or,2022-07-31,93.0,entreprises industrielles
Aide de France Relance aux entreprises,Nombre d’entreprises industrielles (dont PME) bénéficiaires des aides à l'investissement de France Relance,nb-entreprises-industrielles-agricoles,21,Côte-d'Or,2022-08-31,93.0,entreprises industrielles
Aide de France Relance aux entreprises,Nombre d’entreprises industrielles (dont PME) bénéficiaires des aides à l'investissement de France Relance,nb-entreprises-industrielles-agricoles,21,Côte-d'Or,2022-09-30,93.0,entreprises industrielles
Aide de France Relance aux entreprises,Nombre d’entreprises industrielles (dont PME) bénéficiaires des aides à l'investissement de France Relance,nb-entreprises-industrielles-agricoles,21,Côte-d'Or,2022-10-31,93.0,entreprises industrielles
Aide de France Relance aux entreprises,Nombre d’entreprises industrielles (dont PME) bénéficiaires des aides à l'investissement de France Relance,nb-entreprises-industrielles-agricoles,21,Côte-d'Or,2022-11-30,93.0,entreprises industrielles
Aide de France Relance aux entreprises,Nombre d’entreprises industrielles (dont PME) bénéficiaires des aides à l'investissement de France Relance,nb-entreprises-industrielles-agricoles,21,Côte-d'Or,2022-12-31,93.0,entreprises industrielles
Devoirs faits au collège,Part de collégiens bénéficiant du dispositif (en %),taux-collegiens-beneficiaires,21,Côte-d'Or,2018-03-31,27.0,% de collégiens
Devoirs faits au collège,Part de collégiens bénéficiant du dispositif (en %),taux-collegiens-beneficiaires,21,Côte-d'Or,2019-03-31,32.0,% de collégiens
Devoirs faits au collège,Part de collégiens bénéficiant du dispositif (en %),taux-collegiens-beneficiaires,21,Côte-d'Or,2019-09-30,34.0,% de collégiens
Devoirs faits au collège,Part de collégiens bénéficiant du dispositif (en %),taux-collegiens-beneficiaires,21,Côte-d'Or,2020-09-30,35.0,% de collégiens
Devoirs faits au collège,Part de collégiens bénéficiant du dispositif (en %),taux-collegiens-beneficiaires,21,Côte-d'Or,2021-09-30,29.0,% de collégiens
Devoirs faits au collège,Part de collégiens bénéficiant du dispositif (en %),taux-collegiens-beneficiaires,21,Côte-d'Or,2022-09-30,31.0,% de collégiens
Réduire la mortalité sur les routes,Nombre de morts sur les routes,nb-morts-routes,21,Côte-d'Or,2017-01-31,2.0,morts dans l'année
Réduire la mortalité sur les routes,Nombre de morts sur les routes,nb-morts-routes,21,Côte-d'Or,2017-02-28,2.0,morts dans l'année
Réduire la mortalité sur les routes,Nombre de morts sur les routes,nb-morts-routes,21,Côte-d'Or,2017-03-31,4.0,morts dans l'année
Réduire la mortalité sur les routes,Nombre de morts sur les routes,nb-morts-routes,21,Côte-d'Or,2017-04-30,3.0,morts dans l'année
Réduire la mortalité sur les routes,Nombre de morts sur les routes,nb-morts-routes,21,Côte-d'Or,2017-05-31,4.0,morts dans l'année
Réduire la mortalité sur les routes,Nombre de morts sur les routes,nb-morts-routes,21,Côte-d'Or,2017-06-30,3.0,morts dans l'année
Réduire la mortalité sur les routes,Nombre de morts sur les routes,nb-morts-routes,21,Côte-d'Or,2017-07-31,7.0,morts dans l'année
Réduire la mortalité sur les routes,Nombre de morts sur les routes,nb-morts-routes,21,Côte-d'Or,2017-08-31,1.0,morts dans l'année
Réduire la mortalité sur les routes,Nombre de morts sur les routes,nb-morts-routes,21,Côte-d'Or,2017-09-30,4.0,morts dans l'année
Réduire la mortalité sur les routes,Nombre de morts sur les routes,nb-morts-routes,21,Côte-d'Or,2017-10-31,2.0,morts dans l'année
Réduire la mortalité sur les routes,Nombre de morts sur les routes,nb-morts-routes,21,Côte-d'Or,2017-11-30,2.0,morts dans l'année
Réduire la mortalité sur les routes,Nombre de morts sur les routes,nb-morts-routes,21,Côte-d'Or,2017-12-31,1.0,morts dans l'année
Réduire la mortalité sur les routes,Nombre de morts sur les routes,nb-morts-routes,21,Côte-d'Or,2018-01-31,4.0,morts dans l'année
Réduire la mortalité sur les routes,Nombre de morts sur les routes,nb-morts-routes,21,Côte-d'Or,2018-02-28,0.0,morts dans l'année
Réduire la mortalité sur les routes,Nombre de morts sur les routes,nb-morts-routes,21,Côte-d'Or,2018-03-31,3.0,morts dans l'année
Réduire la mortalité sur les routes,Nombre de morts sur les routes,nb-morts-routes,21,Côte-d'Or,2018-04-30,1.0,morts dans l'année
Réduire la mortalité sur les routes,Nombre de morts sur les routes,nb-morts-routes,21,Côte-d'Or,2018-05-31,1.0,morts dans l'année
Réduire la mortalité sur les routes,Nombre de morts sur les routes,nb-morts-routes,21,Côte-d'Or,2018-06-30,1.0,morts dans l'année
Réduire la mortalité sur les routes,Nombre de morts sur les routes,nb-morts-routes,21,Côte-d'Or,2018-07-31,3.0,morts dans l'année
Réduire la mortalité sur les routes,Nombre de morts sur les routes,nb-morts-routes,21,Côte-d'Or,2018-08-31,2.0,morts dans l'année
Réduire la mortalité sur les routes,Nombre de morts sur les routes,nb-morts-routes,21,Côte-d'Or,2018-09-30,2.0,morts dans l'année
Réduire la mortalité sur les routes,Nombre de morts sur les routes,nb-morts-routes,21,Côte-d'Or,2018-10-31,4.0,morts dans l'année
Réduire la mortalité sur les routes,Nombre de morts sur les routes,nb-morts-routes,21,Côte-d'Or,2018-11-30,4.0,morts dans l'année
Réduire la mortalité sur les routes,Nombre de morts sur les routes,nb-morts-routes,21,Côte-d'Or,2018-12-31,5.0,morts dans l'année
Réduire la mortalité sur les routes,Nombre de morts sur les routes,nb-morts-routes,21,Côte-d'Or,2019-01-31,3.0,morts dans l'année
Réduire la mortalité sur les routes,Nombre de morts sur les routes,nb-morts-routes,21,Côte-d'Or,2019-02-28,3.0,morts dans l'année
Réduire la mortalité sur les routes,Nombre de morts sur les routes,nb-morts-routes,21,Côte-d'Or,2019-03-31,4.0,morts dans l'année
Réduire la mortalité sur les routes,Nombre de morts sur les routes,nb-morts-routes,21,Côte-d'Or,2019-04-30,1.0,morts dans l'année
Réduire la mortalité sur les routes,Nombre de morts sur les routes,nb-morts-routes,21,Côte-d'Or,2019-05-31,3.0,morts dans l'année
Réduire la mortalité sur les routes,Nombre de morts sur les routes,nb-morts-routes,21,Côte-d'Or,2019-06-30,3.0,morts dans l'année
Réduire la mortalité sur les routes,Nombre de morts sur les routes,nb-morts-routes,21,Côte-d'Or,2019-07-31,0.0,morts dans l'année
Réduire la mortalité sur les routes,Nombre de morts sur les routes,nb-morts-routes,21,Côte-d'Or,2019-08-31,4.0,morts dans l'année
Réduire la mortalité sur les routes,Nombre de morts sur les routes,nb-morts-routes,21,Côte-d'Or,2019-09-30,3.0,morts dans l'année
Réduire la mortalité sur les routes,Nombre de morts sur les routes,nb-morts-routes,21,Côte-d'Or,2019-10-31,0.0,morts dans l'année
Réduire la mortalité sur les routes,Nombre de morts sur les routes,nb-morts-routes,21,Côte-d'Or,2019-11-30,4.0,morts dans l'année
Réduire la mortalité sur les routes,Nombre de morts sur les routes,nb-morts-routes,21,Côte-d'Or,2019-12-31,2.0,morts dans l'année
Réduire la mortalité sur les routes,Nombre de morts sur les routes,nb-morts-routes,21,Côte-d'Or,2020-01-31,0.0,morts dans l'année
Réduire la mortalité sur les routes,Nombre de morts sur les routes,nb-morts-routes,21,Côte-d'Or,2020-02-29,1.0,morts dans l'année
Réduire la mortalité sur les routes,Nombre de morts sur les routes,nb-morts-routes,21,Côte-d'Or,2020-03-31,4.0,morts dans l'année
Réduire la mortalité sur les routes,Nombre de morts sur les routes,nb-morts-routes,21,Côte-d'Or,2020-04-30,0.0,morts dans l'année
Réduire la mortalité sur les routes,Nombre de morts sur les routes,nb-morts-routes,21,Côte-d'Or,2020-05-31,1.0,morts dans l'année
Réduire la mortalité sur les routes,Nombre de morts sur les routes,nb-morts-routes,21,Côte-d'Or,2020-06-30,5.0,morts dans l'année
Réduire la mortalité sur les routes,Nombre de morts sur les routes,nb-morts-routes,21,Côte-d'Or,2020-07-31,3.0,morts dans l'année
Réduire la mortalité sur les routes,Nombre de morts sur les routes,nb-morts-routes,21,Côte-d'Or,2020-08-31,3.0,morts dans l'année
Réduire la mortalité sur les routes,Nombre de morts sur les routes,nb-morts-routes,21,Côte-d'Or,2020-09-30,2.0,morts dans l'année
Réduire la mortalité sur les routes,Nombre de morts sur les routes,nb-morts-routes,21,Côte-d'Or,2020-10-31,5.0,morts dans l'année
Réduire la mortalité sur les routes,Nombre de morts sur les routes,nb-morts-routes,21,Côte-d'Or,2020-11-30,0.0,morts dans l'année
Réduire la mortalité sur les routes,Nombre de morts sur les routes,nb-morts-routes,21,Côte-d'Or,2020-12-31,3.0,morts dans l'année
Réduire la mortalité sur les routes,Nombre de morts sur les routes,nb-morts-routes,21,Côte-d'Or,2021-01-31,0.0,morts dans l'année
Réduire la mortalité sur les routes,Nombre de morts sur les routes,nb-morts-routes,21,Côte-d'Or,2021-02-28,2.0,morts dans l'année
Réduire la mortalité sur les routes,Nombre de morts sur les routes,nb-morts-routes,21,Côte-d'Or,2021-03-31,2.0,morts dans l'année
Réduire la mortalité sur les routes,Nombre de morts sur les routes,nb-morts-routes,21,Côte-d'Or,2021-04-30,3.0,morts dans l'année
Réduire la mortalité sur les routes,Nombre de morts sur les routes,nb-morts-routes,21,Côte-d'Or,2021-05-31,1.0,morts dans l'année
Réduire la mortalité sur les routes,Nombre de morts sur les routes,nb-morts-routes,21,Côte-d'Or,2021-06-30,4.0,morts dans l'année
Réduire la mortalité sur les routes,Nombre de morts sur les routes,nb-morts-routes,21,Côte-d'Or,2021-07-31,8.0,morts dans l'année
Réduire la mortalité sur les routes,Nombre de morts sur les routes,nb-morts-routes,21,Côte-d'Or,2021-08-31,2.0,morts dans l'année
Réduire la mortalité sur les routes,Nombre de morts sur les routes,nb-morts-routes,21,Côte-d'Or,2021-09-30,6.0,morts dans l'année
Réduire la mortalité sur les routes,Nombre de morts sur les routes,nb-morts-routes,21,Côte-d'Or,2021-10-31,2.0,morts dans l'année
Réduire la mortalité sur les routes,Nombre de morts sur les routes,nb-morts-routes,21,Côte-d'Or,2021-11-30,3.0,morts dans l'année
Réduire la mortalité sur les routes,Nombre de morts sur les routes,nb-morts-routes,21,Côte-d'Or,2021-12-31,1.0,morts dans l'année
Réduire la mortalité sur les routes,Nombre de morts sur les routes,nb-morts-routes,21,Côte-d'Or,2022-01-31,1.0,morts dans l'année
Réduire la mortalité sur les routes,Nombre de morts sur les routes,nb-morts-routes,21,Côte-d'Or,2022-02-28,2.0,morts dans l'année
Réduire la mortalité sur les routes,Nombre de morts sur les routes,nb-morts-routes,21,Côte-d'Or,2022-03-31,2.0,morts dans l'année
Réduire la mortalité sur les routes,Nombre de morts sur les routes,nb-morts-routes,21,Côte-d'Or,2022-04-30,2.0,morts dans l'année
Réduire la mortalité sur les routes,Nombre de morts sur les routes,nb-morts-routes,21,Côte-d'Or,2022-05-31,2.0,morts dans l'année
Réduire la mortalité sur les routes,Nombre de morts sur les routes,nb-morts-routes,21,Côte-d'Or,2022-06-30,3.0,morts dans l'année
Réduire la mortalité sur les routes,Nombre de morts sur les routes,nb-morts-routes,21,Côte-d'Or,2022-07-31,6.0,morts dans l'année
Réduire la mortalité sur les routes,Nombre de morts sur les routes,nb-morts-routes,21,Côte-d'Or,2022-08-31,0.0,morts dans l'année
Réduire la mortalité sur les routes,Nombre de morts sur les routes,nb-morts-routes,21,Côte-d'Or,2022-09-30,1.0,morts dans l'année
Réduire la mortalité sur les routes,Nombre de morts sur les routes,nb-morts-routes,21,Côte-d'Or,2022-10-31,1.0,morts dans l'année
Réduire la mortalité sur les routes,Nombre de morts sur les routes,nb-morts-routes,21,Côte-d'Or,2022-11-30,1.0,morts dans l'année
Développer l’apprentissage,Nombre de contrats d’apprentissage,nombre-contrats-apprentissage,21,Côte-d'Or,2017-12-31,2616.0,contrats
Développer l’apprentissage,Nombre de contrats d’apprentissage,nombre-contrats-apprentissage,21,Côte-d'Or,2018-12-31,2741.0,contrats
Développer l’apprentissage,Nombre de contrats d’apprentissage,nombre-contrats-apprentissage,21,Côte-d'Or,2019-12-31,2890.0,contrats
Développer l’apprentissage,Nombre de contrats d’apprentissage,nombre-contrats-apprentissage,21,Côte-d'Or,2020-12-31,4177.0,contrats
Développer l’apprentissage,Nombre de contrats d’apprentissage,nombre-contrats-apprentissage,21,Côte-d'Or,2021-12-31,5782.0,contrats
Développer l’apprentissage,Nombre de contrats d’apprentissage,nombre-contrats-apprentissage,21,Côte-d'Or,2022-10-31,6792.0,contrats
